v 0.000000 0.000000 0.000000
v -0.180000 -0.270000 0.180000
v -0.180000 -0.180000 0.180000
v -0.090000 -0.450000 0.180000
v -0.090000 -0.360000 0.180000
v -0.090000 -0.270000 0.180000
v -0.090000 -0.180000 0.180000
v -0.360000 -0.990000 0.000000
v -0.360000 -0.900000 0.000000
v -0.360000 -0.990000 -0.090000
v -0.360000 -0.900000 -0.090000
v -0.360000 -0.990000 -0.180000
v -0.270000 -0.900000 0.090000
v -0.270000 -0.990000 0.000000
v -0.270000 -0.900000 0.000000
v -0.270000 -1.080000 -0.090000
v -0.270000 -0.990000 -0.090000
v -0.270000 -0.900000 -0.090000
v -0.270000 -0.900000 -0.180000
v -0.180000 -0.990000 0.090000
v -0.180000 -0.900000 0.090000
v -0.180000 -1.080000 0.000000
v -0.180000 -0.990000 0.000000
v -0.180000 -0.900000 0.000000
v -0.180000 -1.080000 -0.090000
v -0.180000 -0.990000 -0.090000
v -0.180000 -0.900000 -0.090000
v -0.180000 -0.900000 -0.180000
v -0.090000 -0.990000 0.090000
v -0.090000 -0.900000 0.090000
v -0.090000 -1.080000 0.000000
v -0.090000 -0.990000 0.000000
v -0.090000 -0.900000 0.000000
v -0.090000 -1.080000 -0.090000
v -0.090000 -0.990000 -0.090000
v -0.090000 -0.900000 -0.090000
v -0.090000 -0.990000 -0.180000
v -0.090000 -0.900000 -0.180000
v -0.720000 -0.180000 -0.450000
v -0.720000 -0.180000 -0.540000
v -0.630000 -0.180000 -0.360000
v -0.630000 -0.180000 -0.450000
v -0.630000 -0.180000 -0.540000
v -0.540000 -0.180000 0.000000
v -0.540000 -0.180000 -0.090000
v -0.540000 -0.180000 -0.180000
v -0.540000 -0.180000 -0.270000
v -0.540000 -0.180000 -0.360000
v -0.540000 -0.270000 -0.450000
v -0.540000 -0.180000 -0.450000
v -0.540000 -0.270000 -0.540000
v -0.540000 -0.180000 -0.540000
v -0.450000 -0.180000 0.000000
v -0.450000 -0.180000 -0.090000
v -0.450000 -0.180000 -0.180000
v -0.450000 -0.270000 -0.270000
v -0.450000 -0.180000 -0.270000
v -0.450000 -0.270000 -0.360000
v -0.450000 -0.180000 -0.360000
v -0.450000 -0.270000 -0.450000
v -0.450000 -0.180000 -0.450000
v -0.450000 -0.270000 -0.540000
v -0.450000 -0.180000 -0.540000
v -0.360000 -0.180000 0.090000
v -0.360000 -0.810000 0.000000
v -0.360000 -0.720000 0.000000
v -0.360000 -0.270000 0.000000
v -0.360000 -0.180000 0.000000
v -0.360000 -0.810000 -0.090000
v -0.360000 -0.270000 -0.090000
v -0.360000 -0.180000 -0.090000
v -0.360000 -0.270000 -0.180000
v -0.360000 -0.180000 -0.180000
v -0.360000 -0.360000 -0.270000
v -0.360000 -0.270000 -0.270000
v -0.360000 -0.180000 -0.270000
v -0.360000 -0.360000 -0.360000
v -0.360000 -0.270000 -0.360000
v -0.360000 -0.180000 -0.360000
v -0.360000 -0.360000 -0.450000
v -0.360000 -0.270000 -0.450000
v -0.360000 -0.180000 -0.450000
v -0.360000 -0.360000 -0.540000
v -0.360000 -0.270000 -0.540000
v -0.360000 -0.180000 -0.540000
v -0.270000 -0.810000 0.090000
v -0.270000 -0.720000 0.090000
v -0.270000 -0.630000 0.090000
v -0.270000 -0.540000 0.090000
v -0.270000 -0.270000 0.090000
v -0.270000 -0.180000 0.090000
v -0.270000 -0.810000 0.000000
v -0.270000 -0.720000 0.000000
v -0.270000 -0.630000 0.000000
v -0.270000 -0.540000 0.000000
v -0.270000 -0.450000 0.000000
v -0.270000 -0.360000 0.000000
v -0.270000 -0.270000 0.000000
v -0.270000 -0.180000 0.000000
v -0.270000 -0.810000 -0.090000
v -0.270000 -0.720000 -0.090000
v -0.270000 -0.630000 -0.090000
v -0.270000 -0.540000 -0.090000
v -0.270000 -0.450000 -0.090000
v -0.270000 -0.360000 -0.090000
v -0.270000 -0.270000 -0.090000
v -0.270000 -0.180000 -0.090000
v -0.270000 -0.810000 -0.180000
v -0.270000 -0.720000 -0.180000
v -0.270000 -0.540000 -0.180000
v -0.270000 -0.450000 -0.180000
v -0.270000 -0.360000 -0.180000
v -0.270000 -0.270000 -0.180000
v -0.270000 -0.180000 -0.180000
v -0.270000 -0.450000 -0.270000
v -0.270000 -0.360000 -0.270000
v -0.270000 -0.270000 -0.270000
v -0.270000 -0.180000 -0.270000
v -0.270000 -0.450000 -0.360000
v -0.270000 -0.360000 -0.360000
v -0.270000 -0.270000 -0.360000
v -0.270000 -0.180000 -0.360000
v -0.270000 -0.450000 -0.450000
v -0.270000 -0.360000 -0.450000
v -0.270000 -0.270000 -0.450000
v -0.270000 -0.180000 -0.450000
v -0.270000 -0.450000 -0.540000
v -0.270000 -0.360000 -0.540000
v -0.270000 -0.270000 -0.540000
v -0.270000 -0.180000 -0.540000
v -0.180000 -0.810000 0.090000
v -0.180000 -0.720000 0.090000
v -0.180000 -0.630000 0.090000
v -0.180000 -0.540000 0.090000
v -0.180000 -0.450000 0.090000
v -0.180000 -0.360000 0.090000
v -0.180000 -0.270000 0.090000
v -0.180000 -0.180000 0.090000
v -0.180000 -0.810000 0.000000
v -0.180000 -0.720000 0.000000
v -0.180000 -0.630000 0.000000
v -0.180000 -0.540000 0.000000
v -0.180000 -0.450000 0.000000
v -0.180000 -0.360000 0.000000
v -0.180000 -0.270000 0.000000
v -0.180000 -0.180000 0.000000
v -0.180000 -0.810000 -0.090000
v -0.180000 -0.720000 -0.090000
v -0.180000 -0.630000 -0.090000
v -0.180000 -0.540000 -0.090000
v -0.180000 -0.450000 -0.090000
v -0.180000 -0.360000 -0.090000
v -0.180000 -0.270000 -0.090000
v -0.180000 -0.180000 -0.090000
v -0.180000 -0.810000 -0.180000
v -0.180000 -0.720000 -0.180000
v -0.180000 -0.630000 -0.180000
v -0.180000 -0.540000 -0.180000
v -0.180000 -0.450000 -0.180000
v -0.180000 -0.360000 -0.180000
v -0.180000 -0.270000 -0.180000
v -0.180000 -0.180000 -0.180000
v -0.180000 -0.540000 -0.270000
v -0.180000 -0.450000 -0.270000
v -0.180000 -0.360000 -0.270000
v -0.180000 -0.270000 -0.270000
v -0.180000 -0.180000 -0.270000
v -0.180000 -0.540000 -0.360000
v -0.180000 -0.450000 -0.360000
v -0.180000 -0.360000 -0.360000
v -0.180000 -0.270000 -0.360000
v -0.180000 -0.180000 -0.360000
v -0.180000 -0.540000 -0.450000
v -0.180000 -0.450000 -0.450000
v -0.180000 -0.360000 -0.450000
v -0.180000 -0.270000 -0.450000
v -0.180000 -0.180000 -0.450000
v -0.180000 -0.450000 -0.540000
v -0.180000 -0.360000 -0.540000
v -0.180000 -0.270000 -0.540000
v -0.180000 -0.180000 -0.540000
v -0.090000 -0.810000 0.090000
v -0.090000 -0.720000 0.090000
v -0.090000 -0.630000 0.090000
v -0.090000 -0.540000 0.090000
v -0.090000 -0.450000 0.090000
v -0.090000 -0.360000 0.090000
v -0.090000 -0.270000 0.090000
v -0.090000 -0.180000 0.090000
v -0.090000 -0.810000 0.000000
v -0.090000 -0.720000 0.000000
v -0.090000 -0.630000 0.000000
v -0.090000 -0.540000 0.000000
v -0.090000 -0.450000 0.000000
v -0.090000 -0.360000 0.000000
v -0.090000 -0.270000 0.000000
v -0.090000 -0.180000 0.000000
v -0.090000 -0.810000 -0.090000
v -0.090000 -0.720000 -0.090000
v -0.090000 -0.630000 -0.090000
v -0.090000 -0.540000 -0.090000
v -0.090000 -0.450000 -0.090000
v -0.090000 -0.360000 -0.090000
v -0.090000 -0.270000 -0.090000
v -0.090000 -0.180000 -0.090000
v -0.090000 -0.810000 -0.180000
v -0.090000 -0.720000 -0.180000
v -0.090000 -0.630000 -0.180000
v -0.090000 -0.540000 -0.180000
v -0.090000 -0.450000 -0.180000
v -0.090000 -0.360000 -0.180000
v -0.090000 -0.270000 -0.180000
v -0.090000 -0.180000 -0.180000
v -0.090000 -0.630000 -0.270000
v -0.090000 -0.540000 -0.270000
v -0.090000 -0.450000 -0.270000
v -0.090000 -0.360000 -0.270000
v -0.090000 -0.270000 -0.270000
v -0.090000 -0.180000 -0.270000
v -0.090000 -0.540000 -0.360000
v -0.090000 -0.450000 -0.360000
v -0.090000 -0.360000 -0.360000
v -0.090000 -0.270000 -0.360000
v -0.090000 -0.180000 -0.360000
v -0.090000 -0.540000 -0.450000
v -0.090000 -0.450000 -0.450000
v -0.090000 -0.360000 -0.450000
v -0.090000 -0.270000 -0.450000
v -0.090000 -0.180000 -0.450000
v -0.090000 -0.540000 -0.540000
v -0.090000 -0.450000 -0.540000
v -0.090000 -0.360000 -0.540000
v -0.090000 -0.270000 -0.540000
v -0.090000 -0.180000 -0.540000
v -0.810000 0.180000 0.000000
v -0.810000 0.270000 0.000000
v -0.810000 0.000000 -0.090000
v -0.810000 0.090000 -0.090000
v -0.810000 0.180000 -0.090000
v -0.810000 0.270000 -0.090000
v -0.810000 0.000000 -0.180000
v -0.810000 0.090000 -0.180000
v -0.810000 0.180000 -0.180000
v -0.810000 0.090000 -0.270000
v -0.810000 0.180000 -0.270000
v -0.810000 0.000000 -0.360000
v -0.810000 0.090000 -0.360000
v -0.810000 0.180000 -0.360000
v -0.810000 0.270000 -0.360000
v -0.810000 0.000000 -0.450000
v -0.810000 0.090000 -0.450000
v -0.810000 0.180000 -0.450000
v -0.810000 0.270000 -0.450000
v -0.810000 0.360000 -0.450000
v -0.810000 -0.090000 -0.540000
v -0.810000 0.000000 -0.540000
v -0.810000 0.090000 -0.540000
v -0.810000 0.180000 -0.540000
v -0.810000 0.270000 -0.540000
v -0.810000 0.360000 -0.540000
v -0.810000 0.450000 -0.540000
v -0.540000 0.360000 0.180000
v -0.450000 0.000000 0.180000
v -0.450000 0.090000 0.180000
v -0.450000 0.180000 0.180000
v -0.450000 0.270000 0.180000
v -0.450000 0.360000 0.180000
v -0.450000 0.450000 0.180000
v -0.360000 0.000000 0.180000
v -0.360000 0.090000 0.180000
v -0.360000 0.180000 0.180000
v -0.360000 0.270000 0.180000
v -0.360000 0.360000 0.180000
v -0.360000 0.450000 0.180000
v -0.360000 0.540000 0.180000
v -0.270000 0.000000 0.180000
v -0.270000 0.090000 0.180000
v -0.270000 0.180000 0.180000
v -0.270000 0.270000 0.180000
v -0.270000 0.360000 0.180000
v -0.270000 0.450000 0.180000
v -0.270000 0.540000 0.180000
v -0.180000 0.090000 0.180000
v -0.180000 0.180000 0.180000
v -0.180000 0.270000 0.180000
v -0.180000 0.360000 0.180000
v -0.180000 0.450000 0.180000
v -0.090000 0.180000 0.180000
v -0.090000 0.270000 0.180000
v -0.720000 0.270000 0.090000
v -0.720000 0.000000 0.000000
v -0.720000 0.090000 0.000000
v -0.720000 0.180000 0.000000
v -0.720000 0.270000 0.000000
v -0.720000 -0.090000 -0.090000
v -0.720000 0.000000 -0.090000
v -0.720000 0.090000 -0.090000
v -0.720000 0.180000 -0.090000
v -0.720000 0.270000 -0.090000
v -0.720000 0.000000 -0.180000
v -0.720000 0.090000 -0.180000
v -0.720000 0.180000 -0.180000
v -0.720000 0.270000 -0.180000
v -0.720000 -0.090000 -0.270000
v -0.720000 0.000000 -0.270000
v -0.720000 0.090000 -0.270000
v -0.720000 0.180000 -0.270000
v -0.720000 0.270000 -0.270000
v -0.720000 -0.090000 -0.360000
v -0.720000 0.000000 -0.360000
v -0.720000 0.090000 -0.360000
v -0.720000 0.180000 -0.360000
v -0.720000 0.270000 -0.360000
v -0.720000 0.360000 -0.360000
v -0.720000 -0.090000 -0.450000
v -0.720000 0.000000 -0.450000
v -0.720000 0.090000 -0.450000
v -0.720000 0.180000 -0.450000
v -0.720000 0.270000 -0.450000
v -0.720000 0.360000 -0.450000
v -0.720000 0.450000 -0.450000
v -0.720000 -0.090000 -0.540000
v -0.720000 0.000000 -0.540000
v -0.720000 0.090000 -0.540000
v -0.720000 0.180000 -0.540000
v -0.720000 0.270000 -0.540000
v -0.720000 0.360000 -0.540000
v -0.720000 0.450000 -0.540000
v -0.630000 0.180000 0.090000
v -0.630000 0.270000 0.090000
v -0.630000 0.360000 0.090000
v -0.630000 -0.090000 0.000000
v -0.630000 0.000000 0.000000
v -0.630000 0.090000 0.000000
v -0.630000 0.180000 0.000000
v -0.630000 0.270000 0.000000
v -0.630000 0.360000 0.000000
v -0.630000 -0.090000 -0.090000
v -0.630000 0.000000 -0.090000
v -0.630000 0.090000 -0.090000
v -0.630000 0.180000 -0.090000
v -0.630000 0.270000 -0.090000
v -0.630000 0.360000 -0.090000
v -0.630000 -0.090000 -0.180000
v -0.630000 0.000000 -0.180000
v -0.630000 0.090000 -0.180000
v -0.630000 0.180000 -0.180000
v -0.630000 0.270000 -0.180000
v -0.630000 -0.090000 -0.270000
v -0.630000 0.000000 -0.270000
v -0.630000 0.090000 -0.270000
v -0.630000 0.180000 -0.270000
v -0.630000 0.270000 -0.270000
v -0.630000 0.360000 -0.270000
v -0.630000 -0.090000 -0.360000
v -0.630000 0.000000 -0.360000
v -0.630000 0.090000 -0.360000
v -0.630000 0.180000 -0.360000
v -0.630000 0.270000 -0.360000
v -0.630000 0.360000 -0.360000
v -0.630000 0.450000 -0.360000
v -0.630000 -0.090000 -0.450000
v -0.630000 0.000000 -0.450000
v -0.630000 0.090000 -0.450000
v -0.630000 0.180000 -0.450000
v -0.630000 0.270000 -0.450000
v -0.630000 0.360000 -0.450000
v -0.630000 0.450000 -0.450000
v -0.630000 0.540000 -0.450000
v -0.630000 -0.090000 -0.540000
v -0.630000 0.000000 -0.540000
v -0.630000 0.090000 -0.540000
v -0.630000 0.180000 -0.540000
v -0.630000 0.270000 -0.540000
v -0.630000 0.360000 -0.540000
v -0.630000 0.450000 -0.540000
v -0.630000 0.540000 -0.540000
v -0.540000 0.000000 0.090000
v -0.540000 0.090000 0.090000
v -0.540000 0.180000 0.090000
v -0.540000 0.270000 0.090000
v -0.540000 0.360000 0.090000
v -0.540000 0.450000 0.090000
v -0.540000 -0.090000 0.000000
v -0.540000 0.000000 0.000000
v -0.540000 0.090000 0.000000
v -0.540000 0.180000 0.000000
v -0.540000 0.270000 0.000000
v -0.540000 0.360000 0.000000
v -0.540000 -0.090000 -0.090000
v -0.540000 0.000000 -0.090000
v -0.540000 0.090000 -0.090000
v -0.540000 0.180000 -0.090000
v -0.540000 0.270000 -0.090000
v -0.540000 0.360000 -0.090000
v -0.540000 -0.090000 -0.180000
v -0.540000 0.000000 -0.180000
v -0.540000 0.090000 -0.180000
v -0.540000 0.180000 -0.180000
v -0.540000 0.270000 -0.180000
v -0.540000 0.360000 -0.180000
v -0.540000 -0.090000 -0.270000
v -0.540000 0.000000 -0.270000
v -0.540000 0.090000 -0.270000
v -0.540000 0.180000 -0.270000
v -0.540000 0.270000 -0.270000
v -0.540000 0.360000 -0.270000
v -0.540000 0.450000 -0.270000
v -0.540000 -0.090000 -0.360000
v -0.540000 0.000000 -0.360000
v -0.540000 0.090000 -0.360000
v -0.540000 0.180000 -0.360000
v -0.540000 0.270000 -0.360000
v -0.540000 0.360000 -0.360000
v -0.540000 0.450000 -0.360000
v -0.540000 0.540000 -0.360000
v -0.540000 -0.090000 -0.450000
v -0.540000 0.000000 -0.450000
v -0.540000 0.090000 -0.450000
v -0.540000 0.180000 -0.450000
v -0.540000 0.270000 -0.450000
v -0.540000 0.360000 -0.450000
v -0.540000 0.450000 -0.450000
v -0.540000 0.540000 -0.450000
v -0.540000 -0.090000 -0.540000
v -0.540000 0.000000 -0.540000
v -0.540000 0.090000 -0.540000
v -0.540000 0.180000 -0.540000
v -0.540000 0.270000 -0.540000
v -0.540000 0.360000 -0.540000
v -0.540000 0.450000 -0.540000
v -0.540000 0.540000 -0.540000
v -0.450000 -0.090000 0.090000
v -0.450000 0.000000 0.090000
v -0.450000 0.090000 0.090000
v -0.450000 0.180000 0.090000
v -0.450000 0.270000 0.090000
v -0.450000 0.360000 0.090000
v -0.450000 0.450000 0.090000
v -0.450000 -0.090000 0.000000
v -0.450000 0.000000 0.000000
v -0.450000 0.090000 0.000000
v -0.450000 0.180000 0.000000
v -0.450000 0.270000 0.000000
v -0.450000 0.360000 0.000000
v -0.450000 0.450000 0.000000
v -0.450000 -0.090000 -0.090000
v -0.450000 0.000000 -0.090000
v -0.450000 0.090000 -0.090000
v -0.450000 0.180000 -0.090000
v -0.450000 0.270000 -0.090000
v -0.450000 0.360000 -0.090000
v -0.450000 -0.090000 -0.180000
v -0.450000 0.000000 -0.180000
v -0.450000 0.090000 -0.180000
v -0.450000 0.180000 -0.180000
v -0.450000 0.270000 -0.180000
v -0.450000 0.360000 -0.180000
v -0.450000 0.450000 -0.180000
v -0.450000 -0.090000 -0.270000
v -0.450000 0.000000 -0.270000
v -0.450000 0.090000 -0.270000
v -0.450000 0.180000 -0.270000
v -0.450000 0.270000 -0.270000
v -0.450000 0.360000 -0.270000
v -0.450000 0.450000 -0.270000
v -0.450000 0.540000 -0.270000
v -0.450000 -0.090000 -0.360000
v -0.450000 0.000000 -0.360000
v -0.450000 0.090000 -0.360000
v -0.450000 0.180000 -0.360000
v -0.450000 0.270000 -0.360000
v -0.450000 0.360000 -0.360000
v -0.450000 0.450000 -0.360000
v -0.450000 0.540000 -0.360000
v -0.450000 -0.090000 -0.450000
v -0.450000 0.000000 -0.450000
v -0.450000 0.090000 -0.450000
v -0.450000 0.180000 -0.450000
v -0.450000 0.270000 -0.450000
v -0.450000 0.360000 -0.450000
v -0.450000 0.450000 -0.450000
v -0.450000 0.540000 -0.450000
v -0.450000 -0.090000 -0.540000
v -0.450000 0.000000 -0.540000
v -0.450000 0.090000 -0.540000
v -0.450000 0.180000 -0.540000
v -0.450000 0.270000 -0.540000
v -0.450000 0.360000 -0.540000
v -0.450000 0.450000 -0.540000
v -0.450000 0.540000 -0.540000
v -0.360000 -0.090000 0.090000
v -0.360000 0.000000 0.090000
v -0.360000 0.090000 0.090000
v -0.360000 0.180000 0.090000
v -0.360000 0.270000 0.090000
v -0.360000 0.360000 0.090000
v -0.360000 0.450000 0.090000
v -0.360000 0.540000 0.090000
v -0.360000 -0.090000 0.000000
v -0.360000 0.000000 0.000000
v -0.360000 0.090000 0.000000
v -0.360000 0.180000 0.000000
v -0.360000 0.270000 0.000000
v -0.360000 0.360000 0.000000
v -0.360000 0.450000 0.000000
v -0.360000 -0.090000 -0.090000
v -0.360000 0.000000 -0.090000
v -0.360000 0.090000 -0.090000
v -0.360000 0.180000 -0.090000
v -0.360000 0.270000 -0.090000
v -0.360000 0.360000 -0.090000
v -0.360000 -0.090000 -0.180000
v -0.360000 0.000000 -0.180000
v -0.360000 0.090000 -0.180000
v -0.360000 0.180000 -0.180000
v -0.360000 0.270000 -0.180000
v -0.360000 0.360000 -0.180000
v -0.360000 0.450000 -0.180000
v -0.360000 -0.090000 -0.270000
v -0.360000 0.000000 -0.270000
v -0.360000 0.090000 -0.270000
v -0.360000 0.180000 -0.270000
v -0.360000 0.270000 -0.270000
v -0.360000 0.360000 -0.270000
v -0.360000 0.450000 -0.270000
v -0.360000 0.540000 -0.270000
v -0.360000 -0.090000 -0.360000
v -0.360000 0.000000 -0.360000
v -0.360000 0.090000 -0.360000
v -0.360000 0.180000 -0.360000
v -0.360000 0.270000 -0.360000
v -0.360000 0.360000 -0.360000
v -0.360000 0.450000 -0.360000
v -0.360000 0.540000 -0.360000
v -0.360000 -0.090000 -0.450000
v -0.360000 0.000000 -0.450000
v -0.360000 0.090000 -0.450000
v -0.360000 0.180000 -0.450000
v -0.360000 0.270000 -0.450000
v -0.360000 0.360000 -0.450000
v -0.360000 0.450000 -0.450000
v -0.360000 0.540000 -0.450000
v -0.360000 -0.090000 -0.540000
v -0.360000 0.000000 -0.540000
v -0.360000 0.090000 -0.540000
v -0.360000 0.180000 -0.540000
v -0.360000 0.270000 -0.540000
v -0.360000 0.360000 -0.540000
v -0.360000 0.450000 -0.540000
v -0.360000 0.540000 -0.540000
v -0.270000 -0.090000 0.090000
v -0.270000 0.000000 0.090000
v -0.270000 0.090000 0.090000
v -0.270000 0.180000 0.090000
v -0.270000 0.270000 0.090000
v -0.270000 0.360000 0.090000
v -0.270000 0.450000 0.090000
v -0.270000 0.540000 0.090000
v -0.270000 -0.090000 0.000000
v -0.270000 0.000000 0.000000
v -0.270000 0.090000 0.000000
v -0.270000 0.180000 0.000000
v -0.270000 0.270000 0.000000
v -0.270000 0.360000 0.000000
v -0.270000 0.450000 0.000000
v -0.270000 -0.090000 -0.090000
v -0.270000 0.000000 -0.090000
v -0.270000 0.090000 -0.090000
v -0.270000 0.180000 -0.090000
v -0.270000 0.270000 -0.090000
v -0.270000 0.360000 -0.090000
v -0.270000 0.450000 -0.090000
v -0.270000 -0.090000 -0.180000
v -0.270000 0.000000 -0.180000
v -0.270000 0.090000 -0.180000
v -0.270000 0.180000 -0.180000
v -0.270000 0.270000 -0.180000
v -0.270000 0.360000 -0.180000
v -0.270000 0.450000 -0.180000
v -0.270000 0.540000 -0.180000
v -0.270000 -0.090000 -0.270000
v -0.270000 0.000000 -0.270000
v -0.270000 0.090000 -0.270000
v -0.270000 0.180000 -0.270000
v -0.270000 0.270000 -0.270000
v -0.270000 0.360000 -0.270000
v -0.270000 0.450000 -0.270000
v -0.270000 0.540000 -0.270000
v -0.270000 -0.090000 -0.360000
v -0.270000 0.000000 -0.360000
v -0.270000 0.090000 -0.360000
v -0.270000 0.180000 -0.360000
v -0.270000 0.270000 -0.360000
v -0.270000 0.360000 -0.360000
v -0.270000 0.450000 -0.360000
v -0.270000 0.540000 -0.360000
v -0.270000 -0.090000 -0.450000
v -0.270000 0.000000 -0.450000
v -0.270000 0.090000 -0.450000
v -0.270000 0.180000 -0.450000
v -0.270000 0.270000 -0.450000
v -0.270000 0.360000 -0.450000
v -0.270000 0.450000 -0.450000
v -0.270000 0.540000 -0.450000
v -0.270000 -0.090000 -0.540000
v -0.270000 0.000000 -0.540000
v -0.270000 0.090000 -0.540000
v -0.270000 0.180000 -0.540000
v -0.270000 0.270000 -0.540000
v -0.270000 0.360000 -0.540000
v -0.270000 0.450000 -0.540000
v -0.270000 0.540000 -0.540000
v -0.180000 -0.090000 0.090000
v -0.180000 0.000000 0.090000
v -0.180000 0.090000 0.090000
v -0.180000 0.180000 0.090000
v -0.180000 0.270000 0.090000
v -0.180000 0.360000 0.090000
v -0.180000 -0.090000 0.000000
v -0.180000 0.000000 0.000000
v -0.180000 0.090000 0.000000
v -0.180000 0.180000 0.000000
v -0.180000 0.270000 0.000000
v -0.180000 0.360000 0.000000
v -0.180000 0.450000 0.000000
v -0.180000 -0.090000 -0.090000
v -0.180000 0.000000 -0.090000
v -0.180000 0.090000 -0.090000
v -0.180000 0.180000 -0.090000
v -0.180000 0.270000 -0.090000
v -0.180000 0.360000 -0.090000
v -0.180000 0.450000 -0.090000
v -0.180000 -0.090000 -0.180000
v -0.180000 0.000000 -0.180000
v -0.180000 0.090000 -0.180000
v -0.180000 0.180000 -0.180000
v -0.180000 0.270000 -0.180000
v -0.180000 0.360000 -0.180000
v -0.180000 0.450000 -0.180000
v -0.180000 0.540000 -0.180000
v -0.180000 -0.090000 -0.270000
v -0.180000 0.000000 -0.270000
v -0.180000 0.090000 -0.270000
v -0.180000 0.180000 -0.270000
v -0.180000 0.270000 -0.270000
v -0.180000 0.360000 -0.270000
v -0.180000 0.450000 -0.270000
v -0.180000 0.540000 -0.270000
v -0.180000 -0.090000 -0.360000
v -0.180000 0.000000 -0.360000
v -0.180000 0.090000 -0.360000
v -0.180000 0.180000 -0.360000
v -0.180000 0.270000 -0.360000
v -0.180000 0.360000 -0.360000
v -0.180000 0.450000 -0.360000
v -0.180000 0.540000 -0.360000
v -0.180000 -0.090000 -0.450000
v -0.180000 0.000000 -0.450000
v -0.180000 0.090000 -0.450000
v -0.180000 0.180000 -0.450000
v -0.180000 0.270000 -0.450000
v -0.180000 0.360000 -0.450000
v -0.180000 0.450000 -0.450000
v -0.180000 0.540000 -0.450000
v -0.180000 -0.090000 -0.540000
v -0.180000 0.000000 -0.540000
v -0.180000 0.090000 -0.540000
v -0.180000 0.180000 -0.540000
v -0.180000 0.270000 -0.540000
v -0.180000 0.360000 -0.540000
v -0.180000 0.450000 -0.540000
v -0.180000 0.540000 -0.540000
v -0.090000 -0.090000 0.090000
v -0.090000 0.000000 0.090000
v -0.090000 0.090000 0.090000
v -0.090000 0.180000 0.090000
v -0.090000 0.270000 0.090000
v -0.090000 0.360000 0.090000
v -0.090000 -0.090000 0.000000
v -0.090000 0.000000 0.000000
v -0.090000 0.090000 0.000000
v -0.090000 0.180000 0.000000
v -0.090000 0.270000 0.000000
v -0.090000 0.360000 0.000000
v -0.090000 -0.090000 -0.090000
v -0.090000 0.000000 -0.090000
v -0.090000 0.090000 -0.090000
v -0.090000 0.180000 -0.090000
v -0.090000 0.270000 -0.090000
v -0.090000 0.360000 -0.090000
v -0.090000 0.450000 -0.090000
v -0.090000 -0.090000 -0.180000
v -0.090000 0.000000 -0.180000
v -0.090000 0.090000 -0.180000
v -0.090000 0.180000 -0.180000
v -0.090000 0.270000 -0.180000
v -0.090000 0.360000 -0.180000
v -0.090000 0.450000 -0.180000
v -0.090000 0.540000 -0.180000
v -0.090000 -0.090000 -0.270000
v -0.090000 0.000000 -0.270000
v -0.090000 0.090000 -0.270000
v -0.090000 0.180000 -0.270000
v -0.090000 0.270000 -0.270000
v -0.090000 0.360000 -0.270000
v -0.090000 0.450000 -0.270000
v -0.090000 0.540000 -0.270000
v -0.090000 -0.090000 -0.360000
v -0.090000 0.000000 -0.360000
v -0.090000 0.090000 -0.360000
v -0.090000 0.180000 -0.360000
v -0.090000 0.270000 -0.360000
v -0.090000 0.360000 -0.360000
v -0.090000 0.450000 -0.360000
v -0.090000 0.540000 -0.360000
v -0.090000 -0.090000 -0.450000
v -0.090000 0.000000 -0.450000
v -0.090000 0.090000 -0.450000
v -0.090000 0.180000 -0.450000
v -0.090000 0.270000 -0.450000
v -0.090000 0.360000 -0.450000
v -0.090000 0.450000 -0.450000
v -0.090000 0.540000 -0.450000
v -0.090000 -0.090000 -0.540000
v -0.090000 0.000000 -0.540000
v -0.090000 0.090000 -0.540000
v -0.090000 0.180000 -0.540000
v -0.090000 0.270000 -0.540000
v -0.090000 0.360000 -0.540000
v -0.090000 0.450000 -0.540000
v -0.090000 0.540000 -0.540000
v -0.540000 0.630000 -0.360000
v -0.540000 0.630000 -0.450000
v -0.540000 0.630000 -0.540000
v -0.540000 0.720000 -0.540000
v -0.450000 0.630000 -0.360000
v -0.450000 0.720000 -0.360000
v -0.450000 0.630000 -0.450000
v -0.450000 0.720000 -0.450000
v -0.450000 0.630000 -0.540000
v -0.450000 0.720000 -0.540000
v -0.360000 0.630000 -0.270000
v -0.360000 0.630000 -0.360000
v -0.360000 0.720000 -0.360000
v -0.360000 0.630000 -0.450000
v -0.360000 0.720000 -0.450000
v -0.360000 0.630000 -0.540000
v -0.360000 0.720000 -0.540000
v -0.270000 0.630000 -0.270000
v -0.270000 0.630000 -0.360000
v -0.270000 0.720000 -0.360000
v -0.270000 0.630000 -0.450000
v -0.270000 0.720000 -0.450000
v -0.270000 0.630000 -0.540000
v -0.270000 0.720000 -0.540000
v -0.180000 0.630000 -0.270000
v -0.180000 0.630000 -0.360000
v -0.180000 0.720000 -0.360000
v -0.180000 0.630000 -0.450000
v -0.180000 0.720000 -0.450000
v -0.180000 0.630000 -0.540000
v -0.180000 0.720000 -0.540000
v -0.090000 0.630000 -0.270000
v -0.090000 0.720000 -0.270000
v -0.090000 0.630000 -0.360000
v -0.090000 0.720000 -0.360000
v -0.090000 0.630000 -0.450000
v -0.090000 0.720000 -0.450000
v -0.090000 0.630000 -0.540000
v -0.090000 0.720000 -0.540000
v -0.090000 0.810000 -0.540000
v -1.080000 -0.180000 -0.900000
v -1.080000 -0.180000 -0.990000
v -0.990000 -0.180000 -0.900000
v -0.990000 -0.180000 -0.990000
v -0.900000 -0.180000 -0.810000
v -0.900000 -0.180000 -0.900000
v -0.810000 -0.180000 -0.720000
v -0.810000 -0.180000 -0.810000
v -0.810000 -0.180000 -0.900000
v -0.720000 -0.180000 -0.630000
v -0.720000 -0.180000 -0.720000
v -0.720000 -0.180000 -0.810000
v -0.720000 -0.180000 -0.900000
v -0.630000 -0.180000 -0.630000
v -0.630000 -0.180000 -0.720000
v -0.630000 -0.180000 -0.810000
v -0.630000 -0.180000 -0.900000
v -0.540000 -0.270000 -0.630000
v -0.540000 -0.180000 -0.630000
v -0.540000 -0.270000 -0.720000
v -0.540000 -0.180000 -0.720000
v -0.540000 -0.270000 -0.810000
v -0.540000 -0.180000 -0.810000
v -0.540000 -0.180000 -0.900000
v -0.540000 -0.180000 -0.990000
v -0.450000 -0.270000 -0.630000
v -0.450000 -0.180000 -0.630000
v -0.450000 -0.270000 -0.720000
v -0.450000 -0.180000 -0.720000
v -0.450000 -0.270000 -0.810000
v -0.450000 -0.180000 -0.810000
v -0.450000 -0.270000 -0.900000
v -0.450000 -0.180000 -0.900000
v -0.450000 -0.180000 -0.990000
v -0.450000 -0.180000 -1.080000
v -0.360000 -0.360000 -0.630000
v -0.360000 -0.270000 -0.630000
v -0.360000 -0.180000 -0.630000
v -0.360000 -0.360000 -0.720000
v -0.360000 -0.270000 -0.720000
v -0.360000 -0.180000 -0.720000
v -0.360000 -0.360000 -0.810000
v -0.360000 -0.270000 -0.810000
v -0.360000 -0.180000 -0.810000
v -0.360000 -0.360000 -0.900000
v -0.360000 -0.270000 -0.900000
v -0.360000 -0.180000 -0.900000
v -0.360000 -0.360000 -0.990000
v -0.360000 -0.270000 -0.990000
v -0.360000 -0.180000 -0.990000
v -0.360000 -0.270000 -1.080000
v -0.360000 -0.180000 -1.080000
v -0.360000 -0.180000 -1.170000
v -0.270000 -0.450000 -0.630000
v -0.270000 -0.360000 -0.630000
v -0.270000 -0.270000 -0.630000
v -0.270000 -0.180000 -0.630000
v -0.270000 -0.450000 -0.720000
v -0.270000 -0.360000 -0.720000
v -0.270000 -0.270000 -0.720000
v -0.270000 -0.180000 -0.720000
v -0.270000 -0.450000 -0.810000
v -0.270000 -0.360000 -0.810000
v -0.270000 -0.270000 -0.810000
v -0.270000 -0.180000 -0.810000
v -0.270000 -0.360000 -0.900000
v -0.270000 -0.270000 -0.900000
v -0.270000 -0.180000 -0.900000
v -0.270000 -0.360000 -0.990000
v -0.270000 -0.270000 -0.990000
v -0.270000 -0.180000 -0.990000
v -0.270000 -0.270000 -1.080000
v -0.270000 -0.180000 -1.080000
v -0.270000 -0.270000 -1.170000
v -0.270000 -0.180000 -1.170000
v -0.180000 -0.450000 -0.630000
v -0.180000 -0.360000 -0.630000
v -0.180000 -0.270000 -0.630000
v -0.180000 -0.180000 -0.630000
v -0.180000 -0.450000 -0.720000
v -0.180000 -0.360000 -0.720000
v -0.180000 -0.270000 -0.720000
v -0.180000 -0.180000 -0.720000
v -0.180000 -0.450000 -0.810000
v -0.180000 -0.360000 -0.810000
v -0.180000 -0.270000 -0.810000
v -0.180000 -0.180000 -0.810000
v -0.180000 -0.450000 -0.900000
v -0.180000 -0.360000 -0.900000
v -0.180000 -0.270000 -0.900000
v -0.180000 -0.180000 -0.900000
v -0.180000 -0.360000 -0.990000
v -0.180000 -0.270000 -0.990000
v -0.180000 -0.180000 -0.990000
v -0.180000 -0.360000 -1.080000
v -0.180000 -0.270000 -1.080000
v -0.180000 -0.180000 -1.080000
v -0.180000 -0.270000 -1.170000
v -0.180000 -0.180000 -1.170000
v -0.180000 -0.180000 -1.260000
v -0.090000 -0.540000 -0.630000
v -0.090000 -0.450000 -0.630000
v -0.090000 -0.360000 -0.630000
v -0.090000 -0.270000 -0.630000
v -0.090000 -0.180000 -0.630000
v -0.090000 -0.450000 -0.720000
v -0.090000 -0.360000 -0.720000
v -0.090000 -0.270000 -0.720000
v -0.090000 -0.180000 -0.720000
v -0.090000 -0.450000 -0.810000
v -0.090000 -0.360000 -0.810000
v -0.090000 -0.270000 -0.810000
v -0.090000 -0.180000 -0.810000
v -0.090000 -0.450000 -0.900000
v -0.090000 -0.360000 -0.900000
v -0.090000 -0.270000 -0.900000
v -0.090000 -0.180000 -0.900000
v -0.090000 -0.450000 -0.990000
v -0.090000 -0.360000 -0.990000
v -0.090000 -0.270000 -0.990000
v -0.090000 -0.180000 -0.990000
v -0.090000 -0.360000 -1.080000
v -0.090000 -0.270000 -1.080000
v -0.090000 -0.180000 -1.080000
v -0.090000 -0.360000 -1.170000
v -0.090000 -0.270000 -1.170000
v -0.090000 -0.180000 -1.170000
v -0.090000 -0.270000 -1.260000
v -0.090000 -0.180000 -1.260000
v -1.350000 0.000000 -1.080000
v -1.350000 0.090000 -1.080000
v -1.350000 0.180000 -1.080000
v -1.260000 0.270000 -0.990000
v -1.260000 -0.090000 -1.080000
v -1.260000 0.000000 -1.080000
v -1.260000 0.090000 -1.080000
v -1.260000 0.180000 -1.080000
v -1.260000 0.270000 -1.080000
v -1.170000 -0.090000 -0.990000
v -1.170000 0.090000 -0.990000
v -1.170000 0.270000 -0.990000
v -1.170000 -0.090000 -1.080000
v -1.170000 0.000000 -1.080000
v -1.170000 0.090000 -1.080000
v -1.170000 0.180000 -1.080000
v -1.170000 0.270000 -1.080000
v -1.080000 0.270000 -0.900000
v -1.080000 -0.090000 -0.990000
v -1.080000 0.000000 -0.990000
v -1.080000 0.090000 -0.990000
v -1.080000 0.180000 -0.990000
v -1.080000 0.270000 -0.990000
v -0.990000 0.180000 -0.900000
v -0.990000 0.270000 -0.900000
v -0.990000 -0.090000 -0.990000
v -0.990000 0.000000 -0.990000
v -0.990000 0.090000 -0.990000
v -0.990000 0.180000 -0.990000
v -0.900000 0.180000 -0.810000
v -0.900000 0.270000 -0.810000
v -0.900000 -0.090000 -0.900000
v -0.900000 0.000000 -0.900000
v -0.900000 0.090000 -0.900000
v -0.900000 0.180000 -0.900000
v -0.900000 0.270000 -0.900000
v -0.900000 0.360000 -0.900000
v -0.810000 0.000000 -0.630000
v -0.810000 0.090000 -0.630000
v -0.810000 0.180000 -0.630000
v -0.810000 0.270000 -0.630000
v -0.810000 0.360000 -0.630000
v -0.810000 0.450000 -0.630000
v -0.810000 0.000000 -0.720000
v -0.810000 0.090000 -0.720000
v -0.810000 0.180000 -0.720000
v -0.810000 0.270000 -0.720000
v -0.810000 0.360000 -0.720000
v -0.810000 0.450000 -0.720000
v -0.810000 -0.090000 -0.810000
v -0.810000 0.000000 -0.810000
v -0.810000 0.090000 -0.810000
v -0.810000 0.180000 -0.810000
v -0.810000 0.270000 -0.810000
v -0.810000 0.360000 -0.810000
v -0.810000 0.450000 -0.810000
v -0.810000 -0.090000 -0.900000
v -0.810000 0.000000 -0.900000
v -0.810000 0.090000 -0.900000
v -0.810000 0.180000 -0.900000
v -0.810000 0.270000 -0.900000
v -0.810000 0.360000 -0.900000
v -0.810000 0.450000 -0.900000
v -0.810000 0.000000 -0.990000
v -0.810000 0.090000 -0.990000
v -0.810000 0.180000 -0.990000
v -0.810000 0.270000 -0.990000
v -0.720000 -0.090000 -0.630000
v -0.720000 0.000000 -0.630000
v -0.720000 0.090000 -0.630000
v -0.720000 0.180000 -0.630000
v -0.720000 0.270000 -0.630000
v -0.720000 0.360000 -0.630000
v -0.720000 0.450000 -0.630000
v -0.720000 0.540000 -0.630000
v -0.720000 -0.090000 -0.720000
v -0.720000 0.000000 -0.720000
v -0.720000 0.090000 -0.720000
v -0.720000 0.180000 -0.720000
v -0.720000 0.270000 -0.720000
v -0.720000 0.360000 -0.720000
v -0.720000 0.450000 -0.720000
v -0.720000 0.540000 -0.720000
v -0.720000 -0.090000 -0.810000
v -0.720000 0.000000 -0.810000
v -0.720000 0.090000 -0.810000
v -0.720000 0.180000 -0.810000
v -0.720000 0.270000 -0.810000
v -0.720000 0.360000 -0.810000
v -0.720000 0.450000 -0.810000
v -0.720000 0.540000 -0.810000
v -0.720000 -0.090000 -0.900000
v -0.720000 0.000000 -0.900000
v -0.720000 0.090000 -0.900000
v -0.720000 0.180000 -0.900000
v -0.720000 0.270000 -0.900000
v -0.720000 0.360000 -0.900000
v -0.720000 0.450000 -0.900000
v -0.720000 0.540000 -0.900000
v -0.720000 -0.090000 -0.990000
v -0.720000 0.000000 -0.990000
v -0.720000 0.090000 -0.990000
v -0.720000 0.180000 -0.990000
v -0.720000 0.270000 -0.990000
v -0.720000 0.360000 -0.990000
v -0.720000 0.450000 -0.990000
v -0.720000 0.180000 -1.080000
v -0.720000 0.270000 -1.080000
v -0.630000 -0.090000 -0.630000
v -0.630000 0.000000 -0.630000
v -0.630000 0.090000 -0.630000
v -0.630000 0.180000 -0.630000
v -0.630000 0.270000 -0.630000
v -0.630000 0.360000 -0.630000
v -0.630000 0.450000 -0.630000
v -0.630000 0.540000 -0.630000
v -0.630000 -0.090000 -0.720000
v -0.630000 0.000000 -0.720000
v -0.630000 0.090000 -0.720000
v -0.630000 0.180000 -0.720000
v -0.630000 0.270000 -0.720000
v -0.630000 0.360000 -0.720000
v -0.630000 0.450000 -0.720000
v -0.630000 0.540000 -0.720000
v -0.630000 -0.090000 -0.810000
v -0.630000 0.000000 -0.810000
v -0.630000 0.090000 -0.810000
v -0.630000 0.180000 -0.810000
v -0.630000 0.270000 -0.810000
v -0.630000 0.360000 -0.810000
v -0.630000 0.450000 -0.810000
v -0.630000 0.540000 -0.810000
v -0.630000 -0.090000 -0.900000
v -0.630000 0.000000 -0.900000
v -0.630000 0.090000 -0.900000
v -0.630000 0.180000 -0.900000
v -0.630000 0.270000 -0.900000
v -0.630000 0.360000 -0.900000
v -0.630000 0.450000 -0.900000
v -0.630000 0.540000 -0.900000
v -0.630000 -0.090000 -0.990000
v -0.630000 0.000000 -0.990000
v -0.630000 0.090000 -0.990000
v -0.630000 0.180000 -0.990000
v -0.630000 0.270000 -0.990000
v -0.630000 0.360000 -0.990000
v -0.630000 0.450000 -0.990000
v -0.630000 0.540000 -0.990000
v -0.630000 0.000000 -1.080000
v -0.630000 0.090000 -1.080000
v -0.630000 0.180000 -1.080000
v -0.630000 0.270000 -1.080000
v -0.630000 0.360000 -1.080000
v -0.630000 0.450000 -1.080000
v -0.630000 0.180000 -1.170000
v -0.630000 0.270000 -1.170000
v -0.540000 -0.090000 -0.630000
v -0.540000 0.000000 -0.630000
v -0.540000 0.090000 -0.630000
v -0.540000 0.180000 -0.630000
v -0.540000 0.270000 -0.630000
v -0.540000 0.360000 -0.630000
v -0.540000 0.450000 -0.630000
v -0.540000 0.540000 -0.630000
v -0.540000 -0.090000 -0.720000
v -0.540000 0.000000 -0.720000
v -0.540000 0.090000 -0.720000
v -0.540000 0.180000 -0.720000
v -0.540000 0.270000 -0.720000
v -0.540000 0.360000 -0.720000
v -0.540000 0.450000 -0.720000
v -0.540000 0.540000 -0.720000
v -0.540000 -0.090000 -0.810000
v -0.540000 0.000000 -0.810000
v -0.540000 0.090000 -0.810000
v -0.540000 0.180000 -0.810000
v -0.540000 0.270000 -0.810000
v -0.540000 0.360000 -0.810000
v -0.540000 0.450000 -0.810000
v -0.540000 0.540000 -0.810000
v -0.540000 -0.090000 -0.900000
v -0.540000 0.000000 -0.900000
v -0.540000 0.090000 -0.900000
v -0.540000 0.180000 -0.900000
v -0.540000 0.270000 -0.900000
v -0.540000 0.360000 -0.900000
v -0.540000 0.450000 -0.900000
v -0.540000 0.540000 -0.900000
v -0.540000 -0.090000 -0.990000
v -0.540000 0.000000 -0.990000
v -0.540000 0.090000 -0.990000
v -0.540000 0.180000 -0.990000
v -0.540000 0.270000 -0.990000
v -0.540000 0.360000 -0.990000
v -0.540000 0.450000 -0.990000
v -0.540000 0.540000 -0.990000
v -0.540000 -0.090000 -1.080000
v -0.540000 0.000000 -1.080000
v -0.540000 0.090000 -1.080000
v -0.540000 0.180000 -1.080000
v -0.540000 0.270000 -1.080000
v -0.540000 0.360000 -1.080000
v -0.540000 0.450000 -1.080000
v -0.540000 0.540000 -1.080000
v -0.540000 0.090000 -1.170000
v -0.540000 0.180000 -1.170000
v -0.540000 0.270000 -1.170000
v -0.540000 0.360000 -1.170000
v -0.450000 -0.090000 -0.630000
v -0.450000 0.000000 -0.630000
v -0.450000 0.090000 -0.630000
v -0.450000 0.180000 -0.630000
v -0.450000 0.270000 -0.630000
v -0.450000 0.360000 -0.630000
v -0.450000 0.450000 -0.630000
v -0.450000 0.540000 -0.630000
v -0.450000 -0.090000 -0.720000
v -0.450000 0.000000 -0.720000
v -0.450000 0.090000 -0.720000
v -0.450000 0.180000 -0.720000
v -0.450000 0.270000 -0.720000
v -0.450000 0.360000 -0.720000
v -0.450000 0.450000 -0.720000
v -0.450000 0.540000 -0.720000
v -0.450000 -0.090000 -0.810000
v -0.450000 0.000000 -0.810000
v -0.450000 0.090000 -0.810000
v -0.450000 0.180000 -0.810000
v -0.450000 0.270000 -0.810000
v -0.450000 0.360000 -0.810000
v -0.450000 0.450000 -0.810000
v -0.450000 0.540000 -0.810000
v -0.450000 -0.090000 -0.900000
v -0.450000 0.000000 -0.900000
v -0.450000 0.090000 -0.900000
v -0.450000 0.180000 -0.900000
v -0.450000 0.270000 -0.900000
v -0.450000 0.360000 -0.900000
v -0.450000 0.450000 -0.900000
v -0.450000 0.540000 -0.900000
v -0.450000 -0.090000 -0.990000
v -0.450000 0.000000 -0.990000
v -0.450000 0.090000 -0.990000
v -0.450000 0.180000 -0.990000
v -0.450000 0.270000 -0.990000
v -0.450000 0.360000 -0.990000
v -0.450000 0.450000 -0.990000
v -0.450000 0.540000 -0.990000
v -0.450000 -0.090000 -1.080000
v -0.450000 0.000000 -1.080000
v -0.450000 0.090000 -1.080000
v -0.450000 0.180000 -1.080000
v -0.450000 0.270000 -1.080000
v -0.450000 0.360000 -1.080000
v -0.450000 0.450000 -1.080000
v -0.450000 0.540000 -1.080000
v -0.450000 -0.090000 -1.170000
v -0.450000 0.000000 -1.170000
v -0.450000 0.090000 -1.170000
v -0.450000 0.180000 -1.170000
v -0.450000 0.270000 -1.170000
v -0.450000 0.360000 -1.170000
v -0.450000 0.450000 -1.170000
v -0.450000 0.180000 -1.260000
v -0.450000 0.270000 -1.260000
v -0.450000 0.360000 -1.260000
v -0.360000 -0.090000 -0.630000
v -0.360000 0.000000 -0.630000
v -0.360000 0.090000 -0.630000
v -0.360000 0.180000 -0.630000
v -0.360000 0.270000 -0.630000
v -0.360000 0.360000 -0.630000
v -0.360000 0.450000 -0.630000
v -0.360000 0.540000 -0.630000
v -0.360000 -0.090000 -0.720000
v -0.360000 0.000000 -0.720000
v -0.360000 0.090000 -0.720000
v -0.360000 0.180000 -0.720000
v -0.360000 0.270000 -0.720000
v -0.360000 0.360000 -0.720000
v -0.360000 0.450000 -0.720000
v -0.360000 0.540000 -0.720000
v -0.360000 -0.090000 -0.810000
v -0.360000 0.000000 -0.810000
v -0.360000 0.090000 -0.810000
v -0.360000 0.180000 -0.810000
v -0.360000 0.270000 -0.810000
v -0.360000 0.360000 -0.810000
v -0.360000 0.450000 -0.810000
v -0.360000 0.540000 -0.810000
v -0.360000 -0.090000 -0.900000
v -0.360000 0.000000 -0.900000
v -0.360000 0.090000 -0.900000
v -0.360000 0.180000 -0.900000
v -0.360000 0.270000 -0.900000
v -0.360000 0.360000 -0.900000
v -0.360000 0.450000 -0.900000
v -0.360000 0.540000 -0.900000
v -0.360000 -0.090000 -0.990000
v -0.360000 0.000000 -0.990000
v -0.360000 0.090000 -0.990000
v -0.360000 0.180000 -0.990000
v -0.360000 0.270000 -0.990000
v -0.360000 0.360000 -0.990000
v -0.360000 0.450000 -0.990000
v -0.360000 0.540000 -0.990000
v -0.360000 -0.090000 -1.080000
v -0.360000 0.000000 -1.080000
v -0.360000 0.090000 -1.080000
v -0.360000 0.180000 -1.080000
v -0.360000 0.270000 -1.080000
v -0.360000 0.360000 -1.080000
v -0.360000 0.450000 -1.080000
v -0.360000 0.540000 -1.080000
v -0.360000 -0.090000 -1.170000
v -0.360000 0.000000 -1.170000
v -0.360000 0.090000 -1.170000
v -0.360000 0.180000 -1.170000
v -0.360000 0.270000 -1.170000
v -0.360000 0.360000 -1.170000
v -0.360000 0.450000 -1.170000
v -0.360000 0.000000 -1.260000
v -0.360000 0.090000 -1.260000
v -0.360000 0.180000 -1.260000
v -0.360000 0.270000 -1.260000
v -0.360000 0.360000 -1.260000
v -0.270000 -0.090000 -0.630000
v -0.270000 0.000000 -0.630000
v -0.270000 0.090000 -0.630000
v -0.270000 0.180000 -0.630000
v -0.270000 0.270000 -0.630000
v -0.270000 0.360000 -0.630000
v -0.270000 0.450000 -0.630000
v -0.270000 0.540000 -0.630000
v -0.270000 -0.090000 -0.720000
v -0.270000 0.000000 -0.720000
v -0.270000 0.090000 -0.720000
v -0.270000 0.180000 -0.720000
v -0.270000 0.270000 -0.720000
v -0.270000 0.360000 -0.720000
v -0.270000 0.450000 -0.720000
v -0.270000 0.540000 -0.720000
v -0.270000 -0.090000 -0.810000
v -0.270000 0.000000 -0.810000
v -0.270000 0.090000 -0.810000
v -0.270000 0.180000 -0.810000
v -0.270000 0.270000 -0.810000
v -0.270000 0.360000 -0.810000
v -0.270000 0.450000 -0.810000
v -0.270000 0.540000 -0.810000
v -0.270000 -0.090000 -0.900000
v -0.270000 0.000000 -0.900000
v -0.270000 0.090000 -0.900000
v -0.270000 0.180000 -0.900000
v -0.270000 0.270000 -0.900000
v -0.270000 0.360000 -0.900000
v -0.270000 0.450000 -0.900000
v -0.270000 0.540000 -0.900000
v -0.270000 -0.090000 -0.990000
v -0.270000 0.000000 -0.990000
v -0.270000 0.090000 -0.990000
v -0.270000 0.180000 -0.990000
v -0.270000 0.270000 -0.990000
v -0.270000 0.360000 -0.990000
v -0.270000 0.450000 -0.990000
v -0.270000 0.540000 -0.990000
v -0.270000 -0.090000 -1.080000
v -0.270000 0.000000 -1.080000
v -0.270000 0.090000 -1.080000
v -0.270000 0.180000 -1.080000
v -0.270000 0.270000 -1.080000
v -0.270000 0.360000 -1.080000
v -0.270000 0.450000 -1.080000
v -0.270000 0.540000 -1.080000
v -0.270000 -0.090000 -1.170000
v -0.270000 0.000000 -1.170000
v -0.270000 0.090000 -1.170000
v -0.270000 0.180000 -1.170000
v -0.270000 0.270000 -1.170000
v -0.270000 0.360000 -1.170000
v -0.270000 0.450000 -1.170000
v -0.270000 0.540000 -1.170000
v -0.270000 -0.090000 -1.260000
v -0.270000 0.000000 -1.260000
v -0.270000 0.090000 -1.260000
v -0.270000 0.180000 -1.260000
v -0.270000 0.270000 -1.260000
v -0.270000 0.360000 -1.260000
v -0.270000 0.450000 -1.260000
v -0.180000 -0.090000 -0.630000
v -0.180000 0.000000 -0.630000
v -0.180000 0.090000 -0.630000
v -0.180000 0.180000 -0.630000
v -0.180000 0.270000 -0.630000
v -0.180000 0.360000 -0.630000
v -0.180000 0.450000 -0.630000
v -0.180000 0.540000 -0.630000
v -0.180000 -0.090000 -0.720000
v -0.180000 0.000000 -0.720000
v -0.180000 0.090000 -0.720000
v -0.180000 0.180000 -0.720000
v -0.180000 0.270000 -0.720000
v -0.180000 0.360000 -0.720000
v -0.180000 0.450000 -0.720000
v -0.180000 0.540000 -0.720000
v -0.180000 -0.090000 -0.810000
v -0.180000 0.000000 -0.810000
v -0.180000 0.090000 -0.810000
v -0.180000 0.180000 -0.810000
v -0.180000 0.270000 -0.810000
v -0.180000 0.360000 -0.810000
v -0.180000 0.450000 -0.810000
v -0.180000 0.540000 -0.810000
v -0.180000 -0.090000 -0.900000
v -0.180000 0.000000 -0.900000
v -0.180000 0.090000 -0.900000
v -0.180000 0.180000 -0.900000
v -0.180000 0.270000 -0.900000
v -0.180000 0.360000 -0.900000
v -0.180000 0.450000 -0.900000
v -0.180000 0.540000 -0.900000
v -0.180000 -0.090000 -0.990000
v -0.180000 0.000000 -0.990000
v -0.180000 0.090000 -0.990000
v -0.180000 0.180000 -0.990000
v -0.180000 0.270000 -0.990000
v -0.180000 0.360000 -0.990000
v -0.180000 0.450000 -0.990000
v -0.180000 0.540000 -0.990000
v -0.180000 -0.090000 -1.080000
v -0.180000 0.000000 -1.080000
v -0.180000 0.090000 -1.080000
v -0.180000 0.180000 -1.080000
v -0.180000 0.270000 -1.080000
v -0.180000 0.360000 -1.080000
v -0.180000 0.450000 -1.080000
v -0.180000 0.540000 -1.080000
v -0.180000 -0.090000 -1.170000
v -0.180000 0.000000 -1.170000
v -0.180000 0.090000 -1.170000
v -0.180000 0.180000 -1.170000
v -0.180000 0.270000 -1.170000
v -0.180000 0.360000 -1.170000
v -0.180000 0.450000 -1.170000
v -0.180000 0.540000 -1.170000
v -0.180000 -0.090000 -1.260000
v -0.180000 0.000000 -1.260000
v -0.180000 0.090000 -1.260000
v -0.180000 0.180000 -1.260000
v -0.180000 0.270000 -1.260000
v -0.180000 0.360000 -1.260000
v -0.180000 0.450000 -1.260000
v -0.090000 -0.090000 -0.630000
v -0.090000 0.000000 -0.630000
v -0.090000 0.090000 -0.630000
v -0.090000 0.180000 -0.630000
v -0.090000 0.270000 -0.630000
v -0.090000 0.360000 -0.630000
v -0.090000 0.450000 -0.630000
v -0.090000 0.540000 -0.630000
v -0.090000 -0.090000 -0.720000
v -0.090000 0.000000 -0.720000
v -0.090000 0.090000 -0.720000
v -0.090000 0.180000 -0.720000
v -0.090000 0.270000 -0.720000
v -0.090000 0.360000 -0.720000
v -0.090000 0.450000 -0.720000
v -0.090000 0.540000 -0.720000
v -0.090000 -0.090000 -0.810000
v -0.090000 0.000000 -0.810000
v -0.090000 0.090000 -0.810000
v -0.090000 0.180000 -0.810000
v -0.090000 0.270000 -0.810000
v -0.090000 0.360000 -0.810000
v -0.090000 0.450000 -0.810000
v -0.090000 0.540000 -0.810000
v -0.090000 -0.090000 -0.900000
v -0.090000 0.000000 -0.900000
v -0.090000 0.090000 -0.900000
v -0.090000 0.180000 -0.900000
v -0.090000 0.270000 -0.900000
v -0.090000 0.360000 -0.900000
v -0.090000 0.450000 -0.900000
v -0.090000 0.540000 -0.900000
v -0.090000 -0.090000 -0.990000
v -0.090000 0.000000 -0.990000
v -0.090000 0.090000 -0.990000
v -0.090000 0.180000 -0.990000
v -0.090000 0.270000 -0.990000
v -0.090000 0.360000 -0.990000
v -0.090000 0.450000 -0.990000
v -0.090000 0.540000 -0.990000
v -0.090000 -0.090000 -1.080000
v -0.090000 0.000000 -1.080000
v -0.090000 0.090000 -1.080000
v -0.090000 0.180000 -1.080000
v -0.090000 0.270000 -1.080000
v -0.090000 0.360000 -1.080000
v -0.090000 0.450000 -1.080000
v -0.090000 0.540000 -1.080000
v -0.090000 -0.090000 -1.170000
v -0.090000 0.000000 -1.170000
v -0.090000 0.090000 -1.170000
v -0.090000 0.180000 -1.170000
v -0.090000 0.270000 -1.170000
v -0.090000 0.360000 -1.170000
v -0.090000 0.450000 -1.170000
v -0.090000 0.540000 -1.170000
v -0.090000 -0.090000 -1.260000
v -0.090000 0.000000 -1.260000
v -0.090000 0.090000 -1.260000
v -0.090000 0.180000 -1.260000
v -0.090000 0.270000 -1.260000
v -0.090000 0.360000 -1.260000
v -0.090000 0.450000 -1.260000
v -0.090000 0.540000 -1.260000
v -0.630000 0.630000 -0.630000
v -0.630000 0.630000 -0.720000
v -0.630000 0.630000 -0.810000
v -0.630000 0.630000 -0.900000
v -0.540000 0.630000 -0.630000
v -0.540000 0.720000 -0.630000
v -0.540000 0.630000 -0.720000
v -0.540000 0.720000 -0.720000
v -0.540000 0.630000 -0.810000
v -0.540000 0.720000 -0.810000
v -0.540000 0.630000 -0.900000
v -0.540000 0.630000 -0.990000
v -0.450000 0.630000 -0.630000
v -0.450000 0.720000 -0.630000
v -0.450000 0.630000 -0.720000
v -0.450000 0.720000 -0.720000
v -0.450000 0.630000 -0.810000
v -0.450000 0.720000 -0.810000
v -0.450000 0.630000 -0.900000
v -0.450000 0.720000 -0.900000
v -0.450000 0.630000 -0.990000
v -0.450000 0.720000 -0.990000
v -0.360000 0.630000 -0.630000
v -0.360000 0.720000 -0.630000
v -0.360000 0.630000 -0.720000
v -0.360000 0.720000 -0.720000
v -0.360000 0.630000 -0.810000
v -0.360000 0.720000 -0.810000
v -0.360000 0.630000 -0.900000
v -0.360000 0.720000 -0.900000
v -0.360000 0.630000 -0.990000
v -0.360000 0.720000 -0.990000
v -0.360000 0.630000 -1.080000
v -0.270000 0.630000 -0.630000
v -0.270000 0.720000 -0.630000
v -0.270000 0.810000 -0.630000
v -0.270000 0.630000 -0.720000
v -0.270000 0.720000 -0.720000
v -0.270000 0.810000 -0.720000
v -0.270000 0.630000 -0.810000
v -0.270000 0.720000 -0.810000
v -0.270000 0.630000 -0.900000
v -0.270000 0.720000 -0.900000
v -0.270000 0.630000 -0.990000
v -0.270000 0.720000 -0.990000
v -0.270000 0.630000 -1.080000
v -0.180000 0.630000 -0.630000
v -0.180000 0.720000 -0.630000
v -0.180000 0.810000 -0.630000
v -0.180000 0.630000 -0.720000
v -0.180000 0.720000 -0.720000
v -0.180000 0.810000 -0.720000
v -0.180000 0.630000 -0.810000
v -0.180000 0.720000 -0.810000
v -0.180000 0.630000 -0.900000
v -0.180000 0.720000 -0.900000
v -0.180000 0.630000 -0.990000
v -0.180000 0.720000 -0.990000
v -0.180000 0.630000 -1.080000
v -0.180000 0.720000 -1.080000
v -0.180000 0.630000 -1.170000
v -0.090000 0.630000 -0.630000
v -0.090000 0.720000 -0.630000
v -0.090000 0.810000 -0.630000
v -0.090000 0.630000 -0.720000
v -0.090000 0.720000 -0.720000
v -0.090000 0.810000 -0.720000
v -0.090000 0.630000 -0.810000
v -0.090000 0.720000 -0.810000
v -0.090000 0.810000 -0.810000
v -0.090000 0.630000 -0.900000
v -0.090000 0.720000 -0.900000
v -0.090000 0.630000 -0.990000
v -0.090000 0.720000 -0.990000
v -0.090000 0.630000 -1.080000
v -0.090000 0.720000 -1.080000
v -0.090000 0.630000 -1.170000
v -0.270000 0.360000 -1.350000
v -0.180000 0.000000 -1.350000
v -0.180000 0.090000 -1.350000
v -0.180000 0.180000 -1.350000
v -0.180000 0.270000 -1.350000
v -0.180000 0.360000 -1.350000
v -0.090000 -0.090000 -1.350000
v -0.090000 0.000000 -1.350000
v -0.090000 0.090000 -1.350000
v -0.090000 0.180000 -1.350000
v -0.090000 0.270000 -1.350000
v -0.090000 0.360000 -1.350000
v -0.090000 0.450000 -1.350000
v 0.000000 -0.450000 0.180000
v 0.000000 -0.360000 0.180000
v 0.000000 -0.270000 0.180000
v 0.000000 -0.180000 0.180000
v 0.090000 -0.270000 0.180000
v 0.090000 -0.180000 0.180000
v 0.000000 -0.990000 0.090000
v 0.000000 -0.900000 0.090000
v 0.000000 -1.080000 0.000000
v 0.000000 -0.990000 0.000000
v 0.000000 -0.900000 0.000000
v 0.000000 -1.080000 -0.090000
v 0.000000 -0.990000 -0.090000
v 0.000000 -0.900000 -0.090000
v 0.000000 -0.990000 -0.180000
v 0.000000 -0.900000 -0.180000
v 0.090000 -0.990000 0.090000
v 0.090000 -0.900000 0.090000
v 0.090000 -1.080000 0.000000
v 0.090000 -0.990000 0.000000
v 0.090000 -0.900000 0.000000
v 0.090000 -1.080000 -0.090000
v 0.090000 -0.990000 -0.090000
v 0.090000 -0.900000 -0.090000
v 0.090000 -0.900000 -0.180000
v 0.180000 -0.900000 0.090000
v 0.180000 -0.990000 0.000000
v 0.180000 -0.900000 0.000000
v 0.180000 -1.080000 -0.090000
v 0.180000 -0.990000 -0.090000
v 0.180000 -0.900000 -0.090000
v 0.180000 -0.900000 -0.180000
v 0.270000 -0.990000 0.000000
v 0.270000 -0.900000 0.000000
v 0.270000 -0.990000 -0.090000
v 0.270000 -0.900000 -0.090000
v 0.270000 -0.990000 -0.180000
v 0.000000 -0.810000 0.090000
v 0.000000 -0.720000 0.090000
v 0.000000 -0.630000 0.090000
v 0.000000 -0.540000 0.090000
v 0.000000 -0.450000 0.090000
v 0.000000 -0.360000 0.090000
v 0.000000 -0.270000 0.090000
v 0.000000 -0.180000 0.090000
v 0.000000 -0.810000 0.000000
v 0.000000 -0.720000 0.000000
v 0.000000 -0.630000 0.000000
v 0.000000 -0.540000 0.000000
v 0.000000 -0.450000 0.000000
v 0.000000 -0.360000 0.000000
v 0.000000 -0.270000 0.000000
v 0.000000 -0.180000 0.000000
v 0.000000 -0.810000 -0.090000
v 0.000000 -0.720000 -0.090000
v 0.000000 -0.630000 -0.090000
v 0.000000 -0.540000 -0.090000
v 0.000000 -0.450000 -0.090000
v 0.000000 -0.360000 -0.090000
v 0.000000 -0.270000 -0.090000
v 0.000000 -0.180000 -0.090000
v 0.000000 -0.810000 -0.180000
v 0.000000 -0.720000 -0.180000
v 0.000000 -0.630000 -0.180000
v 0.000000 -0.540000 -0.180000
v 0.000000 -0.450000 -0.180000
v 0.000000 -0.360000 -0.180000
v 0.000000 -0.270000 -0.180000
v 0.000000 -0.180000 -0.180000
v 0.000000 -0.630000 -0.270000
v 0.000000 -0.540000 -0.270000
v 0.000000 -0.450000 -0.270000
v 0.000000 -0.360000 -0.270000
v 0.000000 -0.270000 -0.270000
v 0.000000 -0.180000 -0.270000
v 0.000000 -0.540000 -0.360000
v 0.000000 -0.450000 -0.360000
v 0.000000 -0.360000 -0.360000
v 0.000000 -0.270000 -0.360000
v 0.000000 -0.180000 -0.360000
v 0.000000 -0.540000 -0.450000
v 0.000000 -0.450000 -0.450000
v 0.000000 -0.360000 -0.450000
v 0.000000 -0.270000 -0.450000
v 0.000000 -0.180000 -0.450000
v 0.000000 -0.540000 -0.540000
v 0.000000 -0.450000 -0.540000
v 0.000000 -0.360000 -0.540000
v 0.000000 -0.270000 -0.540000
v 0.000000 -0.180000 -0.540000
v 0.090000 -0.810000 0.090000
v 0.090000 -0.720000 0.090000
v 0.090000 -0.630000 0.090000
v 0.090000 -0.540000 0.090000
v 0.090000 -0.450000 0.090000
v 0.090000 -0.360000 0.090000
v 0.090000 -0.270000 0.090000
v 0.090000 -0.180000 0.090000
v 0.090000 -0.810000 0.000000
v 0.090000 -0.720000 0.000000
v 0.090000 -0.630000 0.000000
v 0.090000 -0.540000 0.000000
v 0.090000 -0.450000 0.000000
v 0.090000 -0.360000 0.000000
v 0.090000 -0.270000 0.000000
v 0.090000 -0.180000 0.000000
v 0.090000 -0.810000 -0.090000
v 0.090000 -0.720000 -0.090000
v 0.090000 -0.630000 -0.090000
v 0.090000 -0.540000 -0.090000
v 0.090000 -0.450000 -0.090000
v 0.090000 -0.360000 -0.090000
v 0.090000 -0.270000 -0.090000
v 0.090000 -0.180000 -0.090000
v 0.090000 -0.810000 -0.180000
v 0.090000 -0.720000 -0.180000
v 0.090000 -0.630000 -0.180000
v 0.090000 -0.540000 -0.180000
v 0.090000 -0.450000 -0.180000
v 0.090000 -0.360000 -0.180000
v 0.090000 -0.270000 -0.180000
v 0.090000 -0.180000 -0.180000
v 0.090000 -0.540000 -0.270000
v 0.090000 -0.450000 -0.270000
v 0.090000 -0.360000 -0.270000
v 0.090000 -0.270000 -0.270000
v 0.090000 -0.180000 -0.270000
v 0.090000 -0.540000 -0.360000
v 0.090000 -0.450000 -0.360000
v 0.090000 -0.360000 -0.360000
v 0.090000 -0.270000 -0.360000
v 0.090000 -0.180000 -0.360000
v 0.090000 -0.540000 -0.450000
v 0.090000 -0.450000 -0.450000
v 0.090000 -0.360000 -0.450000
v 0.090000 -0.270000 -0.450000
v 0.090000 -0.180000 -0.450000
v 0.090000 -0.450000 -0.540000
v 0.090000 -0.360000 -0.540000
v 0.090000 -0.270000 -0.540000
v 0.090000 -0.180000 -0.540000
v 0.180000 -0.810000 0.090000
v 0.180000 -0.720000 0.090000
v 0.180000 -0.630000 0.090000
v 0.180000 -0.540000 0.090000
v 0.180000 -0.270000 0.090000
v 0.180000 -0.180000 0.090000
v 0.180000 -0.810000 0.000000
v 0.180000 -0.720000 0.000000
v 0.180000 -0.630000 0.000000
v 0.180000 -0.540000 0.000000
v 0.180000 -0.450000 0.000000
v 0.180000 -0.360000 0.000000
v 0.180000 -0.270000 0.000000
v 0.180000 -0.180000 0.000000
v 0.180000 -0.810000 -0.090000
v 0.180000 -0.720000 -0.090000
v 0.180000 -0.630000 -0.090000
v 0.180000 -0.540000 -0.090000
v 0.180000 -0.450000 -0.090000
v 0.180000 -0.360000 -0.090000
v 0.180000 -0.270000 -0.090000
v 0.180000 -0.180000 -0.090000
v 0.180000 -0.810000 -0.180000
v 0.180000 -0.720000 -0.180000
v 0.180000 -0.540000 -0.180000
v 0.180000 -0.450000 -0.180000
v 0.180000 -0.360000 -0.180000
v 0.180000 -0.270000 -0.180000
v 0.180000 -0.180000 -0.180000
v 0.180000 -0.450000 -0.270000
v 0.180000 -0.360000 -0.270000
v 0.180000 -0.270000 -0.270000
v 0.180000 -0.180000 -0.270000
v 0.180000 -0.450000 -0.360000
v 0.180000 -0.360000 -0.360000
v 0.180000 -0.270000 -0.360000
v 0.180000 -0.180000 -0.360000
v 0.180000 -0.450000 -0.450000
v 0.180000 -0.360000 -0.450000
v 0.180000 -0.270000 -0.450000
v 0.180000 -0.180000 -0.450000
v 0.180000 -0.450000 -0.540000
v 0.180000 -0.360000 -0.540000
v 0.180000 -0.270000 -0.540000
v 0.180000 -0.180000 -0.540000
v 0.270000 -0.180000 0.090000
v 0.270000 -0.810000 0.000000
v 0.270000 -0.720000 0.000000
v 0.270000 -0.270000 0.000000
v 0.270000 -0.180000 0.000000
v 0.270000 -0.810000 -0.090000
v 0.270000 -0.270000 -0.090000
v 0.270000 -0.180000 -0.090000
v 0.270000 -0.270000 -0.180000
v 0.270000 -0.180000 -0.180000
v 0.270000 -0.360000 -0.270000
v 0.270000 -0.270000 -0.270000
v 0.270000 -0.180000 -0.270000
v 0.270000 -0.360000 -0.360000
v 0.270000 -0.270000 -0.360000
v 0.270000 -0.180000 -0.360000
v 0.270000 -0.360000 -0.450000
v 0.270000 -0.270000 -0.450000
v 0.270000 -0.180000 -0.450000
v 0.270000 -0.360000 -0.540000
v 0.270000 -0.270000 -0.540000
v 0.270000 -0.180000 -0.540000
v 0.360000 -0.180000 0.000000
v 0.360000 -0.180000 -0.090000
v 0.360000 -0.180000 -0.180000
v 0.360000 -0.270000 -0.270000
v 0.360000 -0.180000 -0.270000
v 0.360000 -0.270000 -0.360000
v 0.360000 -0.180000 -0.360000
v 0.360000 -0.270000 -0.450000
v 0.360000 -0.180000 -0.450000
v 0.360000 -0.270000 -0.540000
v 0.360000 -0.180000 -0.540000
v 0.450000 -0.180000 0.000000
v 0.450000 -0.180000 -0.090000
v 0.450000 -0.180000 -0.180000
v 0.450000 -0.180000 -0.270000
v 0.450000 -0.180000 -0.360000
v 0.450000 -0.270000 -0.450000
v 0.450000 -0.180000 -0.450000
v 0.450000 -0.270000 -0.540000
v 0.450000 -0.180000 -0.540000
v 0.540000 -0.180000 -0.360000
v 0.540000 -0.180000 -0.450000
v 0.540000 -0.180000 -0.540000
v 0.630000 -0.180000 -0.450000
v 0.630000 -0.180000 -0.540000
v 0.000000 0.180000 0.180000
v 0.000000 0.270000 0.180000
v 0.090000 0.090000 0.180000
v 0.090000 0.180000 0.180000
v 0.090000 0.270000 0.180000
v 0.090000 0.360000 0.180000
v 0.090000 0.450000 0.180000
v 0.180000 0.000000 0.180000
v 0.180000 0.090000 0.180000
v 0.180000 0.180000 0.180000
v 0.180000 0.270000 0.180000
v 0.180000 0.360000 0.180000
v 0.180000 0.450000 0.180000
v 0.180000 0.540000 0.180000
v 0.270000 0.000000 0.180000
v 0.270000 0.090000 0.180000
v 0.270000 0.180000 0.180000
v 0.270000 0.270000 0.180000
v 0.270000 0.360000 0.180000
v 0.270000 0.450000 0.180000
v 0.270000 0.540000 0.180000
v 0.360000 0.000000 0.180000
v 0.360000 0.090000 0.180000
v 0.360000 0.180000 0.180000
v 0.360000 0.270000 0.180000
v 0.360000 0.360000 0.180000
v 0.360000 0.450000 0.180000
v 0.450000 0.360000 0.180000
v 0.000000 -0.090000 0.090000
v 0.000000 0.000000 0.090000
v 0.000000 0.090000 0.090000
v 0.000000 0.180000 0.090000
v 0.000000 0.270000 0.090000
v 0.000000 0.360000 0.090000
v 0.000000 -0.090000 0.000000
v 0.000000 0.090000 0.000000
v 0.000000 0.180000 0.000000
v 0.000000 0.270000 0.000000
v 0.000000 0.360000 0.000000
v 0.000000 -0.090000 -0.090000
v 0.000000 0.000000 -0.090000
v 0.000000 0.090000 -0.090000
v 0.000000 0.180000 -0.090000
v 0.000000 0.270000 -0.090000
v 0.000000 0.360000 -0.090000
v 0.000000 0.450000 -0.090000
v 0.000000 -0.090000 -0.180000
v 0.000000 0.000000 -0.180000
v 0.000000 0.090000 -0.180000
v 0.000000 0.180000 -0.180000
v 0.000000 0.270000 -0.180000
v 0.000000 0.360000 -0.180000
v 0.000000 0.450000 -0.180000
v 0.000000 0.540000 -0.180000
v 0.000000 -0.090000 -0.270000
v 0.000000 0.000000 -0.270000
v 0.000000 0.090000 -0.270000
v 0.000000 0.180000 -0.270000
v 0.000000 0.270000 -0.270000
v 0.000000 0.360000 -0.270000
v 0.000000 0.450000 -0.270000
v 0.000000 0.540000 -0.270000
v 0.000000 -0.090000 -0.360000
v 0.000000 0.000000 -0.360000
v 0.000000 0.090000 -0.360000
v 0.000000 0.180000 -0.360000
v 0.000000 0.270000 -0.360000
v 0.000000 0.360000 -0.360000
v 0.000000 0.450000 -0.360000
v 0.000000 0.540000 -0.360000
v 0.000000 -0.090000 -0.450000
v 0.000000 0.000000 -0.450000
v 0.000000 0.090000 -0.450000
v 0.000000 0.180000 -0.450000
v 0.000000 0.270000 -0.450000
v 0.000000 0.360000 -0.450000
v 0.000000 0.450000 -0.450000
v 0.000000 0.540000 -0.450000
v 0.000000 -0.090000 -0.540000
v 0.000000 0.000000 -0.540000
v 0.000000 0.090000 -0.540000
v 0.000000 0.180000 -0.540000
v 0.000000 0.270000 -0.540000
v 0.000000 0.360000 -0.540000
v 0.000000 0.450000 -0.540000
v 0.000000 0.540000 -0.540000
v 0.090000 -0.090000 0.090000
v 0.090000 0.000000 0.090000
v 0.090000 0.090000 0.090000
v 0.090000 0.180000 0.090000
v 0.090000 0.270000 0.090000
v 0.090000 0.360000 0.090000
v 0.090000 -0.090000 0.000000
v 0.090000 0.000000 0.000000
v 0.090000 0.090000 0.000000
v 0.090000 0.180000 0.000000
v 0.090000 0.270000 0.000000
v 0.090000 0.360000 0.000000
v 0.090000 0.450000 0.000000
v 0.090000 -0.090000 -0.090000
v 0.090000 0.000000 -0.090000
v 0.090000 0.090000 -0.090000
v 0.090000 0.180000 -0.090000
v 0.090000 0.270000 -0.090000
v 0.090000 0.360000 -0.090000
v 0.090000 0.450000 -0.090000
v 0.090000 -0.090000 -0.180000
v 0.090000 0.000000 -0.180000
v 0.090000 0.090000 -0.180000
v 0.090000 0.180000 -0.180000
v 0.090000 0.270000 -0.180000
v 0.090000 0.360000 -0.180000
v 0.090000 0.450000 -0.180000
v 0.090000 0.540000 -0.180000
v 0.090000 -0.090000 -0.270000
v 0.090000 0.000000 -0.270000
v 0.090000 0.090000 -0.270000
v 0.090000 0.180000 -0.270000
v 0.090000 0.270000 -0.270000
v 0.090000 0.360000 -0.270000
v 0.090000 0.450000 -0.270000
v 0.090000 0.540000 -0.270000
v 0.090000 -0.090000 -0.360000
v 0.090000 0.000000 -0.360000
v 0.090000 0.090000 -0.360000
v 0.090000 0.180000 -0.360000
v 0.090000 0.270000 -0.360000
v 0.090000 0.360000 -0.360000
v 0.090000 0.450000 -0.360000
v 0.090000 0.540000 -0.360000
v 0.090000 -0.090000 -0.450000
v 0.090000 0.000000 -0.450000
v 0.090000 0.090000 -0.450000
v 0.090000 0.180000 -0.450000
v 0.090000 0.270000 -0.450000
v 0.090000 0.360000 -0.450000
v 0.090000 0.450000 -0.450000
v 0.090000 0.540000 -0.450000
v 0.090000 -0.090000 -0.540000
v 0.090000 0.000000 -0.540000
v 0.090000 0.090000 -0.540000
v 0.090000 0.180000 -0.540000
v 0.090000 0.270000 -0.540000
v 0.090000 0.360000 -0.540000
v 0.090000 0.450000 -0.540000
v 0.090000 0.540000 -0.540000
v 0.180000 -0.090000 0.090000
v 0.180000 0.000000 0.090000
v 0.180000 0.090000 0.090000
v 0.180000 0.180000 0.090000
v 0.180000 0.270000 0.090000
v 0.180000 0.360000 0.090000
v 0.180000 0.450000 0.090000
v 0.180000 0.540000 0.090000
v 0.180000 -0.090000 0.000000
v 0.180000 0.000000 0.000000
v 0.180000 0.090000 0.000000
v 0.180000 0.180000 0.000000
v 0.180000 0.270000 0.000000
v 0.180000 0.360000 0.000000
v 0.180000 0.450000 0.000000
v 0.180000 -0.090000 -0.090000
v 0.180000 0.000000 -0.090000
v 0.180000 0.090000 -0.090000
v 0.180000 0.180000 -0.090000
v 0.180000 0.270000 -0.090000
v 0.180000 0.360000 -0.090000
v 0.180000 0.450000 -0.090000
v 0.180000 -0.090000 -0.180000
v 0.180000 0.000000 -0.180000
v 0.180000 0.090000 -0.180000
v 0.180000 0.180000 -0.180000
v 0.180000 0.270000 -0.180000
v 0.180000 0.360000 -0.180000
v 0.180000 0.450000 -0.180000
v 0.180000 0.540000 -0.180000
v 0.180000 -0.090000 -0.270000
v 0.180000 0.000000 -0.270000
v 0.180000 0.090000 -0.270000
v 0.180000 0.180000 -0.270000
v 0.180000 0.270000 -0.270000
v 0.180000 0.360000 -0.270000
v 0.180000 0.450000 -0.270000
v 0.180000 0.540000 -0.270000
v 0.180000 -0.090000 -0.360000
v 0.180000 0.000000 -0.360000
v 0.180000 0.090000 -0.360000
v 0.180000 0.180000 -0.360000
v 0.180000 0.270000 -0.360000
v 0.180000 0.360000 -0.360000
v 0.180000 0.450000 -0.360000
v 0.180000 0.540000 -0.360000
v 0.180000 -0.090000 -0.450000
v 0.180000 0.000000 -0.450000
v 0.180000 0.090000 -0.450000
v 0.180000 0.180000 -0.450000
v 0.180000 0.270000 -0.450000
v 0.180000 0.360000 -0.450000
v 0.180000 0.450000 -0.450000
v 0.180000 0.540000 -0.450000
v 0.180000 -0.090000 -0.540000
v 0.180000 0.000000 -0.540000
v 0.180000 0.090000 -0.540000
v 0.180000 0.180000 -0.540000
v 0.180000 0.270000 -0.540000
v 0.180000 0.360000 -0.540000
v 0.180000 0.450000 -0.540000
v 0.180000 0.540000 -0.540000
v 0.270000 -0.090000 0.090000
v 0.270000 0.000000 0.090000
v 0.270000 0.090000 0.090000
v 0.270000 0.180000 0.090000
v 0.270000 0.270000 0.090000
v 0.270000 0.360000 0.090000
v 0.270000 0.450000 0.090000
v 0.270000 0.540000 0.090000
v 0.270000 -0.090000 0.000000
v 0.270000 0.000000 0.000000
v 0.270000 0.090000 0.000000
v 0.270000 0.180000 0.000000
v 0.270000 0.270000 0.000000
v 0.270000 0.360000 0.000000
v 0.270000 0.450000 0.000000
v 0.270000 -0.090000 -0.090000
v 0.270000 0.000000 -0.090000
v 0.270000 0.090000 -0.090000
v 0.270000 0.180000 -0.090000
v 0.270000 0.270000 -0.090000
v 0.270000 0.360000 -0.090000
v 0.270000 -0.090000 -0.180000
v 0.270000 0.000000 -0.180000
v 0.270000 0.090000 -0.180000
v 0.270000 0.180000 -0.180000
v 0.270000 0.270000 -0.180000
v 0.270000 0.360000 -0.180000
v 0.270000 0.450000 -0.180000
v 0.270000 -0.090000 -0.270000
v 0.270000 0.000000 -0.270000
v 0.270000 0.090000 -0.270000
v 0.270000 0.180000 -0.270000
v 0.270000 0.270000 -0.270000
v 0.270000 0.360000 -0.270000
v 0.270000 0.450000 -0.270000
v 0.270000 0.540000 -0.270000
v 0.270000 -0.090000 -0.360000
v 0.270000 0.000000 -0.360000
v 0.270000 0.090000 -0.360000
v 0.270000 0.180000 -0.360000
v 0.270000 0.270000 -0.360000
v 0.270000 0.360000 -0.360000
v 0.270000 0.450000 -0.360000
v 0.270000 0.540000 -0.360000
v 0.270000 -0.090000 -0.450000
v 0.270000 0.000000 -0.450000
v 0.270000 0.090000 -0.450000
v 0.270000 0.180000 -0.450000
v 0.270000 0.270000 -0.450000
v 0.270000 0.360000 -0.450000
v 0.270000 0.450000 -0.450000
v 0.270000 0.540000 -0.450000
v 0.270000 -0.090000 -0.540000
v 0.270000 0.000000 -0.540000
v 0.270000 0.090000 -0.540000
v 0.270000 0.180000 -0.540000
v 0.270000 0.270000 -0.540000
v 0.270000 0.360000 -0.540000
v 0.270000 0.450000 -0.540000
v 0.270000 0.540000 -0.540000
v 0.360000 -0.090000 0.090000
v 0.360000 0.000000 0.090000
v 0.360000 0.090000 0.090000
v 0.360000 0.180000 0.090000
v 0.360000 0.270000 0.090000
v 0.360000 0.360000 0.090000
v 0.360000 0.450000 0.090000
v 0.360000 -0.090000 0.000000
v 0.360000 0.000000 0.000000
v 0.360000 0.090000 0.000000
v 0.360000 0.180000 0.000000
v 0.360000 0.270000 0.000000
v 0.360000 0.360000 0.000000
v 0.360000 0.450000 0.000000
v 0.360000 -0.090000 -0.090000
v 0.360000 0.000000 -0.090000
v 0.360000 0.090000 -0.090000
v 0.360000 0.180000 -0.090000
v 0.360000 0.270000 -0.090000
v 0.360000 0.360000 -0.090000
v 0.360000 -0.090000 -0.180000
v 0.360000 0.000000 -0.180000
v 0.360000 0.090000 -0.180000
v 0.360000 0.180000 -0.180000
v 0.360000 0.270000 -0.180000
v 0.360000 0.360000 -0.180000
v 0.360000 0.450000 -0.180000
v 0.360000 -0.090000 -0.270000
v 0.360000 0.000000 -0.270000
v 0.360000 0.090000 -0.270000
v 0.360000 0.180000 -0.270000
v 0.360000 0.270000 -0.270000
v 0.360000 0.360000 -0.270000
v 0.360000 0.450000 -0.270000
v 0.360000 0.540000 -0.270000
v 0.360000 -0.090000 -0.360000
v 0.360000 0.000000 -0.360000
v 0.360000 0.090000 -0.360000
v 0.360000 0.180000 -0.360000
v 0.360000 0.270000 -0.360000
v 0.360000 0.360000 -0.360000
v 0.360000 0.450000 -0.360000
v 0.360000 0.540000 -0.360000
v 0.360000 -0.090000 -0.450000
v 0.360000 0.000000 -0.450000
v 0.360000 0.090000 -0.450000
v 0.360000 0.180000 -0.450000
v 0.360000 0.270000 -0.450000
v 0.360000 0.360000 -0.450000
v 0.360000 0.450000 -0.450000
v 0.360000 0.540000 -0.450000
v 0.360000 -0.090000 -0.540000
v 0.360000 0.000000 -0.540000
v 0.360000 0.090000 -0.540000
v 0.360000 0.180000 -0.540000
v 0.360000 0.270000 -0.540000
v 0.360000 0.360000 -0.540000
v 0.360000 0.450000 -0.540000
v 0.360000 0.540000 -0.540000
v 0.450000 0.000000 0.090000
v 0.450000 0.090000 0.090000
v 0.450000 0.180000 0.090000
v 0.450000 0.270000 0.090000
v 0.450000 0.360000 0.090000
v 0.450000 0.450000 0.090000
v 0.450000 -0.090000 0.000000
v 0.450000 0.000000 0.000000
v 0.450000 0.090000 0.000000
v 0.450000 0.180000 0.000000
v 0.450000 0.270000 0.000000
v 0.450000 0.360000 0.000000
v 0.450000 -0.090000 -0.090000
v 0.450000 0.000000 -0.090000
v 0.450000 0.090000 -0.090000
v 0.450000 0.180000 -0.090000
v 0.450000 0.270000 -0.090000
v 0.450000 0.360000 -0.090000
v 0.450000 -0.090000 -0.180000
v 0.450000 0.000000 -0.180000
v 0.450000 0.090000 -0.180000
v 0.450000 0.180000 -0.180000
v 0.450000 0.270000 -0.180000
v 0.450000 0.360000 -0.180000
v 0.450000 -0.090000 -0.270000
v 0.450000 0.000000 -0.270000
v 0.450000 0.090000 -0.270000
v 0.450000 0.180000 -0.270000
v 0.450000 0.270000 -0.270000
v 0.450000 0.360000 -0.270000
v 0.450000 0.450000 -0.270000
v 0.450000 -0.090000 -0.360000
v 0.450000 0.000000 -0.360000
v 0.450000 0.090000 -0.360000
v 0.450000 0.180000 -0.360000
v 0.450000 0.270000 -0.360000
v 0.450000 0.360000 -0.360000
v 0.450000 0.450000 -0.360000
v 0.450000 0.540000 -0.360000
v 0.450000 -0.090000 -0.450000
v 0.450000 0.000000 -0.450000
v 0.450000 0.090000 -0.450000
v 0.450000 0.180000 -0.450000
v 0.450000 0.270000 -0.450000
v 0.450000 0.360000 -0.450000
v 0.450000 0.450000 -0.450000
v 0.450000 0.540000 -0.450000
v 0.450000 -0.090000 -0.540000
v 0.450000 0.000000 -0.540000
v 0.450000 0.090000 -0.540000
v 0.450000 0.180000 -0.540000
v 0.450000 0.270000 -0.540000
v 0.450000 0.360000 -0.540000
v 0.450000 0.450000 -0.540000
v 0.450000 0.540000 -0.540000
v 0.540000 0.180000 0.090000
v 0.540000 0.270000 0.090000
v 0.540000 0.360000 0.090000
v 0.540000 -0.090000 0.000000
v 0.540000 0.000000 0.000000
v 0.540000 0.090000 0.000000
v 0.540000 0.180000 0.000000
v 0.540000 0.270000 0.000000
v 0.540000 0.360000 0.000000
v 0.540000 -0.090000 -0.090000
v 0.540000 0.000000 -0.090000
v 0.540000 0.090000 -0.090000
v 0.540000 0.180000 -0.090000
v 0.540000 0.270000 -0.090000
v 0.540000 0.360000 -0.090000
v 0.540000 -0.090000 -0.180000
v 0.540000 0.000000 -0.180000
v 0.540000 0.090000 -0.180000
v 0.540000 0.180000 -0.180000
v 0.540000 0.270000 -0.180000
v 0.540000 -0.090000 -0.270000
v 0.540000 0.000000 -0.270000
v 0.540000 0.090000 -0.270000
v 0.540000 0.180000 -0.270000
v 0.540000 0.270000 -0.270000
v 0.540000 0.360000 -0.270000
v 0.540000 -0.090000 -0.360000
v 0.540000 0.000000 -0.360000
v 0.540000 0.090000 -0.360000
v 0.540000 0.180000 -0.360000
v 0.540000 0.270000 -0.360000
v 0.540000 0.360000 -0.360000
v 0.540000 0.450000 -0.360000
v 0.540000 -0.090000 -0.450000
v 0.540000 0.000000 -0.450000
v 0.540000 0.090000 -0.450000
v 0.540000 0.180000 -0.450000
v 0.540000 0.270000 -0.450000
v 0.540000 0.360000 -0.450000
v 0.540000 0.450000 -0.450000
v 0.540000 0.540000 -0.450000
v 0.540000 -0.090000 -0.540000
v 0.540000 0.000000 -0.540000
v 0.540000 0.090000 -0.540000
v 0.540000 0.180000 -0.540000
v 0.540000 0.270000 -0.540000
v 0.540000 0.360000 -0.540000
v 0.540000 0.450000 -0.540000
v 0.540000 0.540000 -0.540000
v 0.630000 0.270000 0.090000
v 0.630000 0.000000 0.000000
v 0.630000 0.090000 0.000000
v 0.630000 0.180000 0.000000
v 0.630000 0.270000 0.000000
v 0.630000 -0.090000 -0.090000
v 0.630000 0.000000 -0.090000
v 0.630000 0.090000 -0.090000
v 0.630000 0.180000 -0.090000
v 0.630000 0.270000 -0.090000
v 0.630000 0.000000 -0.180000
v 0.630000 0.090000 -0.180000
v 0.630000 0.180000 -0.180000
v 0.630000 0.270000 -0.180000
v 0.630000 -0.090000 -0.270000
v 0.630000 0.000000 -0.270000
v 0.630000 0.090000 -0.270000
v 0.630000 0.180000 -0.270000
v 0.630000 0.270000 -0.270000
v 0.630000 -0.090000 -0.360000
v 0.630000 0.000000 -0.360000
v 0.630000 0.090000 -0.360000
v 0.630000 0.180000 -0.360000
v 0.630000 0.270000 -0.360000
v 0.630000 0.360000 -0.360000
v 0.630000 -0.090000 -0.450000
v 0.630000 0.000000 -0.450000
v 0.630000 0.090000 -0.450000
v 0.630000 0.180000 -0.450000
v 0.630000 0.270000 -0.450000
v 0.630000 0.360000 -0.450000
v 0.630000 0.450000 -0.450000
v 0.630000 -0.090000 -0.540000
v 0.630000 0.000000 -0.540000
v 0.630000 0.090000 -0.540000
v 0.630000 0.180000 -0.540000
v 0.630000 0.270000 -0.540000
v 0.630000 0.360000 -0.540000
v 0.630000 0.450000 -0.540000
v 0.000000 0.630000 -0.270000
v 0.000000 0.720000 -0.270000
v 0.000000 0.630000 -0.360000
v 0.000000 0.720000 -0.360000
v 0.000000 0.630000 -0.450000
v 0.000000 0.720000 -0.450000
v 0.000000 0.630000 -0.540000
v 0.000000 0.720000 -0.540000
v 0.000000 0.810000 -0.540000
v 0.090000 0.630000 -0.270000
v 0.090000 0.630000 -0.360000
v 0.090000 0.720000 -0.360000
v 0.090000 0.630000 -0.450000
v 0.090000 0.720000 -0.450000
v 0.090000 0.630000 -0.540000
v 0.090000 0.720000 -0.540000
v 0.180000 0.630000 -0.270000
v 0.180000 0.630000 -0.360000
v 0.180000 0.720000 -0.360000
v 0.180000 0.630000 -0.450000
v 0.180000 0.720000 -0.450000
v 0.180000 0.630000 -0.540000
v 0.180000 0.720000 -0.540000
v 0.270000 0.630000 -0.270000
v 0.270000 0.630000 -0.360000
v 0.270000 0.720000 -0.360000
v 0.270000 0.630000 -0.450000
v 0.270000 0.720000 -0.450000
v 0.270000 0.630000 -0.540000
v 0.270000 0.720000 -0.540000
v 0.360000 0.630000 -0.360000
v 0.360000 0.720000 -0.360000
v 0.360000 0.630000 -0.450000
v 0.360000 0.720000 -0.450000
v 0.360000 0.630000 -0.540000
v 0.360000 0.720000 -0.540000
v 0.450000 0.630000 -0.360000
v 0.450000 0.630000 -0.450000
v 0.450000 0.630000 -0.540000
v 0.450000 0.720000 -0.540000
v 0.720000 0.180000 0.000000
v 0.720000 0.270000 0.000000
v 0.720000 0.000000 -0.090000
v 0.720000 0.090000 -0.090000
v 0.720000 0.180000 -0.090000
v 0.720000 0.270000 -0.090000
v 0.720000 0.000000 -0.180000
v 0.720000 0.090000 -0.180000
v 0.720000 0.180000 -0.180000
v 0.720000 0.090000 -0.270000
v 0.720000 0.180000 -0.270000
v 0.720000 0.000000 -0.360000
v 0.720000 0.090000 -0.360000
v 0.720000 0.180000 -0.360000
v 0.720000 0.270000 -0.360000
v 0.720000 0.000000 -0.450000
v 0.720000 0.090000 -0.450000
v 0.720000 0.180000 -0.450000
v 0.720000 0.270000 -0.450000
v 0.720000 0.360000 -0.450000
v 0.720000 -0.090000 -0.540000
v 0.720000 0.000000 -0.540000
v 0.720000 0.090000 -0.540000
v 0.720000 0.180000 -0.540000
v 0.720000 0.270000 -0.540000
v 0.720000 0.360000 -0.540000
v 0.720000 0.450000 -0.540000
v 0.000000 -0.540000 -0.630000
v 0.000000 -0.450000 -0.630000
v 0.000000 -0.360000 -0.630000
v 0.000000 -0.270000 -0.630000
v 0.000000 -0.180000 -0.630000
v 0.000000 -0.450000 -0.720000
v 0.000000 -0.360000 -0.720000
v 0.000000 -0.270000 -0.720000
v 0.000000 -0.180000 -0.720000
v 0.000000 -0.450000 -0.810000
v 0.000000 -0.360000 -0.810000
v 0.000000 -0.270000 -0.810000
v 0.000000 -0.180000 -0.810000
v 0.000000 -0.450000 -0.900000
v 0.000000 -0.360000 -0.900000
v 0.000000 -0.270000 -0.900000
v 0.000000 -0.180000 -0.900000
v 0.000000 -0.450000 -0.990000
v 0.000000 -0.360000 -0.990000
v 0.000000 -0.270000 -0.990000
v 0.000000 -0.180000 -0.990000
v 0.000000 -0.360000 -1.080000
v 0.000000 -0.270000 -1.080000
v 0.000000 -0.180000 -1.080000
v 0.000000 -0.360000 -1.170000
v 0.000000 -0.270000 -1.170000
v 0.000000 -0.180000 -1.170000
v 0.000000 -0.270000 -1.260000
v 0.000000 -0.180000 -1.260000
v 0.090000 -0.450000 -0.630000
v 0.090000 -0.360000 -0.630000
v 0.090000 -0.270000 -0.630000
v 0.090000 -0.180000 -0.630000
v 0.090000 -0.450000 -0.720000
v 0.090000 -0.360000 -0.720000
v 0.090000 -0.270000 -0.720000
v 0.090000 -0.180000 -0.720000
v 0.090000 -0.450000 -0.810000
v 0.090000 -0.360000 -0.810000
v 0.090000 -0.270000 -0.810000
v 0.090000 -0.180000 -0.810000
v 0.090000 -0.450000 -0.900000
v 0.090000 -0.360000 -0.900000
v 0.090000 -0.270000 -0.900000
v 0.090000 -0.180000 -0.900000
v 0.090000 -0.360000 -0.990000
v 0.090000 -0.270000 -0.990000
v 0.090000 -0.180000 -0.990000
v 0.090000 -0.360000 -1.080000
v 0.090000 -0.270000 -1.080000
v 0.090000 -0.180000 -1.080000
v 0.090000 -0.270000 -1.170000
v 0.090000 -0.180000 -1.170000
v 0.090000 -0.180000 -1.260000
v 0.180000 -0.450000 -0.630000
v 0.180000 -0.360000 -0.630000
v 0.180000 -0.270000 -0.630000
v 0.180000 -0.180000 -0.630000
v 0.180000 -0.450000 -0.720000
v 0.180000 -0.360000 -0.720000
v 0.180000 -0.270000 -0.720000
v 0.180000 -0.180000 -0.720000
v 0.180000 -0.450000 -0.810000
v 0.180000 -0.360000 -0.810000
v 0.180000 -0.270000 -0.810000
v 0.180000 -0.180000 -0.810000
v 0.180000 -0.360000 -0.900000
v 0.180000 -0.270000 -0.900000
v 0.180000 -0.180000 -0.900000
v 0.180000 -0.360000 -0.990000
v 0.180000 -0.270000 -0.990000
v 0.180000 -0.180000 -0.990000
v 0.180000 -0.270000 -1.080000
v 0.180000 -0.180000 -1.080000
v 0.180000 -0.270000 -1.170000
v 0.180000 -0.180000 -1.170000
v 0.270000 -0.360000 -0.630000
v 0.270000 -0.270000 -0.630000
v 0.270000 -0.180000 -0.630000
v 0.270000 -0.360000 -0.720000
v 0.270000 -0.270000 -0.720000
v 0.270000 -0.180000 -0.720000
v 0.270000 -0.360000 -0.810000
v 0.270000 -0.270000 -0.810000
v 0.270000 -0.180000 -0.810000
v 0.270000 -0.360000 -0.900000
v 0.270000 -0.270000 -0.900000
v 0.270000 -0.180000 -0.900000
v 0.270000 -0.360000 -0.990000
v 0.270000 -0.270000 -0.990000
v 0.270000 -0.180000 -0.990000
v 0.270000 -0.270000 -1.080000
v 0.270000 -0.180000 -1.080000
v 0.270000 -0.180000 -1.170000
v 0.360000 -0.270000 -0.630000
v 0.360000 -0.180000 -0.630000
v 0.360000 -0.270000 -0.720000
v 0.360000 -0.180000 -0.720000
v 0.360000 -0.270000 -0.810000
v 0.360000 -0.180000 -0.810000
v 0.360000 -0.270000 -0.900000
v 0.360000 -0.180000 -0.900000
v 0.360000 -0.180000 -0.990000
v 0.360000 -0.180000 -1.080000
v 0.450000 -0.270000 -0.630000
v 0.450000 -0.180000 -0.630000
v 0.450000 -0.270000 -0.720000
v 0.450000 -0.180000 -0.720000
v 0.450000 -0.270000 -0.810000
v 0.450000 -0.180000 -0.810000
v 0.450000 -0.180000 -0.900000
v 0.450000 -0.180000 -0.990000
v 0.540000 -0.180000 -0.630000
v 0.540000 -0.180000 -0.720000
v 0.540000 -0.180000 -0.810000
v 0.540000 -0.180000 -0.900000
v 0.630000 -0.180000 -0.630000
v 0.630000 -0.180000 -0.720000
v 0.630000 -0.180000 -0.810000
v 0.630000 -0.180000 -0.900000
v 0.720000 -0.180000 -0.720000
v 0.720000 -0.180000 -0.810000
v 0.720000 -0.180000 -0.900000
v 0.810000 -0.180000 -0.810000
v 0.810000 -0.180000 -0.900000
v 0.900000 -0.180000 -0.900000
v 0.900000 -0.180000 -0.990000
v 0.990000 -0.180000 -0.900000
v 0.990000 -0.180000 -0.990000
v 0.000000 -0.090000 -0.630000
v 0.000000 0.000000 -0.630000
v 0.000000 0.090000 -0.630000
v 0.000000 0.180000 -0.630000
v 0.000000 0.270000 -0.630000
v 0.000000 0.360000 -0.630000
v 0.000000 0.450000 -0.630000
v 0.000000 0.540000 -0.630000
v 0.000000 -0.090000 -0.720000
v 0.000000 0.000000 -0.720000
v 0.000000 0.090000 -0.720000
v 0.000000 0.180000 -0.720000
v 0.000000 0.270000 -0.720000
v 0.000000 0.360000 -0.720000
v 0.000000 0.450000 -0.720000
v 0.000000 0.540000 -0.720000
v 0.000000 -0.090000 -0.810000
v 0.000000 0.000000 -0.810000
v 0.000000 0.090000 -0.810000
v 0.000000 0.180000 -0.810000
v 0.000000 0.270000 -0.810000
v 0.000000 0.360000 -0.810000
v 0.000000 0.450000 -0.810000
v 0.000000 0.540000 -0.810000
v 0.000000 -0.090000 -0.900000
v 0.000000 0.000000 -0.900000
v 0.000000 0.090000 -0.900000
v 0.000000 0.180000 -0.900000
v 0.000000 0.270000 -0.900000
v 0.000000 0.360000 -0.900000
v 0.000000 0.450000 -0.900000
v 0.000000 0.540000 -0.900000
v 0.000000 -0.090000 -0.990000
v 0.000000 0.000000 -0.990000
v 0.000000 0.090000 -0.990000
v 0.000000 0.180000 -0.990000
v 0.000000 0.270000 -0.990000
v 0.000000 0.360000 -0.990000
v 0.000000 0.450000 -0.990000
v 0.000000 0.540000 -0.990000
v 0.000000 -0.090000 -1.080000
v 0.000000 0.000000 -1.080000
v 0.000000 0.090000 -1.080000
v 0.000000 0.180000 -1.080000
v 0.000000 0.270000 -1.080000
v 0.000000 0.360000 -1.080000
v 0.000000 0.450000 -1.080000
v 0.000000 0.540000 -1.080000
v 0.000000 -0.090000 -1.170000
v 0.000000 0.000000 -1.170000
v 0.000000 0.090000 -1.170000
v 0.000000 0.180000 -1.170000
v 0.000000 0.270000 -1.170000
v 0.000000 0.360000 -1.170000
v 0.000000 0.450000 -1.170000
v 0.000000 0.540000 -1.170000
v 0.000000 -0.090000 -1.260000
v 0.000000 0.000000 -1.260000
v 0.000000 0.090000 -1.260000
v 0.000000 0.180000 -1.260000
v 0.000000 0.270000 -1.260000
v 0.000000 0.360000 -1.260000
v 0.000000 0.450000 -1.260000
v 0.000000 0.540000 -1.260000
v 0.090000 -0.090000 -0.630000
v 0.090000 0.000000 -0.630000
v 0.090000 0.090000 -0.630000
v 0.090000 0.180000 -0.630000
v 0.090000 0.270000 -0.630000
v 0.090000 0.360000 -0.630000
v 0.090000 0.450000 -0.630000
v 0.090000 0.540000 -0.630000
v 0.090000 -0.090000 -0.720000
v 0.090000 0.000000 -0.720000
v 0.090000 0.090000 -0.720000
v 0.090000 0.180000 -0.720000
v 0.090000 0.270000 -0.720000
v 0.090000 0.360000 -0.720000
v 0.090000 0.450000 -0.720000
v 0.090000 0.540000 -0.720000
v 0.090000 -0.090000 -0.810000
v 0.090000 0.000000 -0.810000
v 0.090000 0.090000 -0.810000
v 0.090000 0.180000 -0.810000
v 0.090000 0.270000 -0.810000
v 0.090000 0.360000 -0.810000
v 0.090000 0.450000 -0.810000
v 0.090000 0.540000 -0.810000
v 0.090000 -0.090000 -0.900000
v 0.090000 0.000000 -0.900000
v 0.090000 0.090000 -0.900000
v 0.090000 0.180000 -0.900000
v 0.090000 0.270000 -0.900000
v 0.090000 0.360000 -0.900000
v 0.090000 0.450000 -0.900000
v 0.090000 0.540000 -0.900000
v 0.090000 -0.090000 -0.990000
v 0.090000 0.000000 -0.990000
v 0.090000 0.090000 -0.990000
v 0.090000 0.180000 -0.990000
v 0.090000 0.270000 -0.990000
v 0.090000 0.360000 -0.990000
v 0.090000 0.450000 -0.990000
v 0.090000 0.540000 -0.990000
v 0.090000 -0.090000 -1.080000
v 0.090000 0.000000 -1.080000
v 0.090000 0.090000 -1.080000
v 0.090000 0.180000 -1.080000
v 0.090000 0.270000 -1.080000
v 0.090000 0.360000 -1.080000
v 0.090000 0.450000 -1.080000
v 0.090000 0.540000 -1.080000
v 0.090000 -0.090000 -1.170000
v 0.090000 0.000000 -1.170000
v 0.090000 0.090000 -1.170000
v 0.090000 0.180000 -1.170000
v 0.090000 0.270000 -1.170000
v 0.090000 0.360000 -1.170000
v 0.090000 0.450000 -1.170000
v 0.090000 0.540000 -1.170000
v 0.090000 -0.090000 -1.260000
v 0.090000 0.000000 -1.260000
v 0.090000 0.090000 -1.260000
v 0.090000 0.180000 -1.260000
v 0.090000 0.270000 -1.260000
v 0.090000 0.360000 -1.260000
v 0.090000 0.450000 -1.260000
v 0.180000 -0.090000 -0.630000
v 0.180000 0.000000 -0.630000
v 0.180000 0.090000 -0.630000
v 0.180000 0.180000 -0.630000
v 0.180000 0.270000 -0.630000
v 0.180000 0.360000 -0.630000
v 0.180000 0.450000 -0.630000
v 0.180000 0.540000 -0.630000
v 0.180000 -0.090000 -0.720000
v 0.180000 0.000000 -0.720000
v 0.180000 0.090000 -0.720000
v 0.180000 0.180000 -0.720000
v 0.180000 0.270000 -0.720000
v 0.180000 0.360000 -0.720000
v 0.180000 0.450000 -0.720000
v 0.180000 0.540000 -0.720000
v 0.180000 -0.090000 -0.810000
v 0.180000 0.000000 -0.810000
v 0.180000 0.090000 -0.810000
v 0.180000 0.180000 -0.810000
v 0.180000 0.270000 -0.810000
v 0.180000 0.360000 -0.810000
v 0.180000 0.450000 -0.810000
v 0.180000 0.540000 -0.810000
v 0.180000 -0.090000 -0.900000
v 0.180000 0.000000 -0.900000
v 0.180000 0.090000 -0.900000
v 0.180000 0.180000 -0.900000
v 0.180000 0.270000 -0.900000
v 0.180000 0.360000 -0.900000
v 0.180000 0.450000 -0.900000
v 0.180000 0.540000 -0.900000
v 0.180000 -0.090000 -0.990000
v 0.180000 0.000000 -0.990000
v 0.180000 0.090000 -0.990000
v 0.180000 0.180000 -0.990000
v 0.180000 0.270000 -0.990000
v 0.180000 0.360000 -0.990000
v 0.180000 0.450000 -0.990000
v 0.180000 0.540000 -0.990000
v 0.180000 -0.090000 -1.080000
v 0.180000 0.000000 -1.080000
v 0.180000 0.090000 -1.080000
v 0.180000 0.180000 -1.080000
v 0.180000 0.270000 -1.080000
v 0.180000 0.360000 -1.080000
v 0.180000 0.450000 -1.080000
v 0.180000 0.540000 -1.080000
v 0.180000 -0.090000 -1.170000
v 0.180000 0.000000 -1.170000
v 0.180000 0.090000 -1.170000
v 0.180000 0.180000 -1.170000
v 0.180000 0.270000 -1.170000
v 0.180000 0.360000 -1.170000
v 0.180000 0.450000 -1.170000
v 0.180000 0.540000 -1.170000
v 0.180000 -0.090000 -1.260000
v 0.180000 0.000000 -1.260000
v 0.180000 0.090000 -1.260000
v 0.180000 0.180000 -1.260000
v 0.180000 0.270000 -1.260000
v 0.180000 0.360000 -1.260000
v 0.180000 0.450000 -1.260000
v 0.270000 -0.090000 -0.630000
v 0.270000 0.000000 -0.630000
v 0.270000 0.090000 -0.630000
v 0.270000 0.180000 -0.630000
v 0.270000 0.270000 -0.630000
v 0.270000 0.360000 -0.630000
v 0.270000 0.450000 -0.630000
v 0.270000 0.540000 -0.630000
v 0.270000 -0.090000 -0.720000
v 0.270000 0.000000 -0.720000
v 0.270000 0.090000 -0.720000
v 0.270000 0.180000 -0.720000
v 0.270000 0.270000 -0.720000
v 0.270000 0.360000 -0.720000
v 0.270000 0.450000 -0.720000
v 0.270000 0.540000 -0.720000
v 0.270000 -0.090000 -0.810000
v 0.270000 0.000000 -0.810000
v 0.270000 0.090000 -0.810000
v 0.270000 0.180000 -0.810000
v 0.270000 0.270000 -0.810000
v 0.270000 0.360000 -0.810000
v 0.270000 0.450000 -0.810000
v 0.270000 0.540000 -0.810000
v 0.270000 -0.090000 -0.900000
v 0.270000 0.000000 -0.900000
v 0.270000 0.090000 -0.900000
v 0.270000 0.180000 -0.900000
v 0.270000 0.270000 -0.900000
v 0.270000 0.360000 -0.900000
v 0.270000 0.450000 -0.900000
v 0.270000 0.540000 -0.900000
v 0.270000 -0.090000 -0.990000
v 0.270000 0.000000 -0.990000
v 0.270000 0.090000 -0.990000
v 0.270000 0.180000 -0.990000
v 0.270000 0.270000 -0.990000
v 0.270000 0.360000 -0.990000
v 0.270000 0.450000 -0.990000
v 0.270000 0.540000 -0.990000
v 0.270000 -0.090000 -1.080000
v 0.270000 0.000000 -1.080000
v 0.270000 0.090000 -1.080000
v 0.270000 0.180000 -1.080000
v 0.270000 0.270000 -1.080000
v 0.270000 0.360000 -1.080000
v 0.270000 0.450000 -1.080000
v 0.270000 0.540000 -1.080000
v 0.270000 -0.090000 -1.170000
v 0.270000 0.000000 -1.170000
v 0.270000 0.090000 -1.170000
v 0.270000 0.180000 -1.170000
v 0.270000 0.270000 -1.170000
v 0.270000 0.360000 -1.170000
v 0.270000 0.450000 -1.170000
v 0.270000 0.000000 -1.260000
v 0.270000 0.090000 -1.260000
v 0.270000 0.180000 -1.260000
v 0.270000 0.270000 -1.260000
v 0.270000 0.360000 -1.260000
v 0.360000 -0.090000 -0.630000
v 0.360000 0.000000 -0.630000
v 0.360000 0.090000 -0.630000
v 0.360000 0.180000 -0.630000
v 0.360000 0.270000 -0.630000
v 0.360000 0.360000 -0.630000
v 0.360000 0.450000 -0.630000
v 0.360000 0.540000 -0.630000
v 0.360000 -0.090000 -0.720000
v 0.360000 0.000000 -0.720000
v 0.360000 0.090000 -0.720000
v 0.360000 0.180000 -0.720000
v 0.360000 0.270000 -0.720000
v 0.360000 0.360000 -0.720000
v 0.360000 0.450000 -0.720000
v 0.360000 0.540000 -0.720000
v 0.360000 -0.090000 -0.810000
v 0.360000 0.000000 -0.810000
v 0.360000 0.090000 -0.810000
v 0.360000 0.180000 -0.810000
v 0.360000 0.270000 -0.810000
v 0.360000 0.360000 -0.810000
v 0.360000 0.450000 -0.810000
v 0.360000 0.540000 -0.810000
v 0.360000 -0.090000 -0.900000
v 0.360000 0.000000 -0.900000
v 0.360000 0.090000 -0.900000
v 0.360000 0.180000 -0.900000
v 0.360000 0.270000 -0.900000
v 0.360000 0.360000 -0.900000
v 0.360000 0.450000 -0.900000
v 0.360000 0.540000 -0.900000
v 0.360000 -0.090000 -0.990000
v 0.360000 0.000000 -0.990000
v 0.360000 0.090000 -0.990000
v 0.360000 0.180000 -0.990000
v 0.360000 0.270000 -0.990000
v 0.360000 0.360000 -0.990000
v 0.360000 0.450000 -0.990000
v 0.360000 0.540000 -0.990000
v 0.360000 -0.090000 -1.080000
v 0.360000 0.000000 -1.080000
v 0.360000 0.090000 -1.080000
v 0.360000 0.180000 -1.080000
v 0.360000 0.270000 -1.080000
v 0.360000 0.360000 -1.080000
v 0.360000 0.450000 -1.080000
v 0.360000 0.540000 -1.080000
v 0.360000 -0.090000 -1.170000
v 0.360000 0.000000 -1.170000
v 0.360000 0.090000 -1.170000
v 0.360000 0.180000 -1.170000
v 0.360000 0.270000 -1.170000
v 0.360000 0.360000 -1.170000
v 0.360000 0.450000 -1.170000
v 0.360000 0.180000 -1.260000
v 0.360000 0.270000 -1.260000
v 0.360000 0.360000 -1.260000
v 0.450000 -0.090000 -0.630000
v 0.450000 0.000000 -0.630000
v 0.450000 0.090000 -0.630000
v 0.450000 0.180000 -0.630000
v 0.450000 0.270000 -0.630000
v 0.450000 0.360000 -0.630000
v 0.450000 0.450000 -0.630000
v 0.450000 0.540000 -0.630000
v 0.450000 -0.090000 -0.720000
v 0.450000 0.000000 -0.720000
v 0.450000 0.090000 -0.720000
v 0.450000 0.180000 -0.720000
v 0.450000 0.270000 -0.720000
v 0.450000 0.360000 -0.720000
v 0.450000 0.450000 -0.720000
v 0.450000 0.540000 -0.720000
v 0.450000 -0.090000 -0.810000
v 0.450000 0.000000 -0.810000
v 0.450000 0.090000 -0.810000
v 0.450000 0.180000 -0.810000
v 0.450000 0.270000 -0.810000
v 0.450000 0.360000 -0.810000
v 0.450000 0.450000 -0.810000
v 0.450000 0.540000 -0.810000
v 0.450000 -0.090000 -0.900000
v 0.450000 0.000000 -0.900000
v 0.450000 0.090000 -0.900000
v 0.450000 0.180000 -0.900000
v 0.450000 0.270000 -0.900000
v 0.450000 0.360000 -0.900000
v 0.450000 0.450000 -0.900000
v 0.450000 0.540000 -0.900000
v 0.450000 -0.090000 -0.990000
v 0.450000 0.000000 -0.990000
v 0.450000 0.090000 -0.990000
v 0.450000 0.180000 -0.990000
v 0.450000 0.270000 -0.990000
v 0.450000 0.360000 -0.990000
v 0.450000 0.450000 -0.990000
v 0.450000 0.540000 -0.990000
v 0.450000 -0.090000 -1.080000
v 0.450000 0.000000 -1.080000
v 0.450000 0.090000 -1.080000
v 0.450000 0.180000 -1.080000
v 0.450000 0.270000 -1.080000
v 0.450000 0.360000 -1.080000
v 0.450000 0.450000 -1.080000
v 0.450000 0.540000 -1.080000
v 0.450000 0.090000 -1.170000
v 0.450000 0.180000 -1.170000
v 0.450000 0.270000 -1.170000
v 0.450000 0.360000 -1.170000
v 0.540000 -0.090000 -0.630000
v 0.540000 0.000000 -0.630000
v 0.540000 0.090000 -0.630000
v 0.540000 0.180000 -0.630000
v 0.540000 0.270000 -0.630000
v 0.540000 0.360000 -0.630000
v 0.540000 0.450000 -0.630000
v 0.540000 0.540000 -0.630000
v 0.540000 -0.090000 -0.720000
v 0.540000 0.000000 -0.720000
v 0.540000 0.090000 -0.720000
v 0.540000 0.180000 -0.720000
v 0.540000 0.270000 -0.720000
v 0.540000 0.360000 -0.720000
v 0.540000 0.450000 -0.720000
v 0.540000 0.540000 -0.720000
v 0.540000 -0.090000 -0.810000
v 0.540000 0.000000 -0.810000
v 0.540000 0.090000 -0.810000
v 0.540000 0.180000 -0.810000
v 0.540000 0.270000 -0.810000
v 0.540000 0.360000 -0.810000
v 0.540000 0.450000 -0.810000
v 0.540000 0.540000 -0.810000
v 0.540000 -0.090000 -0.900000
v 0.540000 0.000000 -0.900000
v 0.540000 0.090000 -0.900000
v 0.540000 0.180000 -0.900000
v 0.540000 0.270000 -0.900000
v 0.540000 0.360000 -0.900000
v 0.540000 0.450000 -0.900000
v 0.540000 0.540000 -0.900000
v 0.540000 -0.090000 -0.990000
v 0.540000 0.000000 -0.990000
v 0.540000 0.090000 -0.990000
v 0.540000 0.180000 -0.990000
v 0.540000 0.270000 -0.990000
v 0.540000 0.360000 -0.990000
v 0.540000 0.450000 -0.990000
v 0.540000 0.540000 -0.990000
v 0.540000 0.000000 -1.080000
v 0.540000 0.090000 -1.080000
v 0.540000 0.180000 -1.080000
v 0.540000 0.270000 -1.080000
v 0.540000 0.360000 -1.080000
v 0.540000 0.450000 -1.080000
v 0.540000 0.180000 -1.170000
v 0.540000 0.270000 -1.170000
v 0.630000 -0.090000 -0.630000
v 0.630000 0.000000 -0.630000
v 0.630000 0.090000 -0.630000
v 0.630000 0.180000 -0.630000
v 0.630000 0.270000 -0.630000
v 0.630000 0.360000 -0.630000
v 0.630000 0.450000 -0.630000
v 0.630000 0.540000 -0.630000
v 0.630000 -0.090000 -0.720000
v 0.630000 0.000000 -0.720000
v 0.630000 0.090000 -0.720000
v 0.630000 0.180000 -0.720000
v 0.630000 0.270000 -0.720000
v 0.630000 0.360000 -0.720000
v 0.630000 0.450000 -0.720000
v 0.630000 0.540000 -0.720000
v 0.630000 -0.090000 -0.810000
v 0.630000 0.000000 -0.810000
v 0.630000 0.090000 -0.810000
v 0.630000 0.180000 -0.810000
v 0.630000 0.270000 -0.810000
v 0.630000 0.360000 -0.810000
v 0.630000 0.450000 -0.810000
v 0.630000 0.540000 -0.810000
v 0.630000 -0.090000 -0.900000
v 0.630000 0.000000 -0.900000
v 0.630000 0.090000 -0.900000
v 0.630000 0.180000 -0.900000
v 0.630000 0.270000 -0.900000
v 0.630000 0.360000 -0.900000
v 0.630000 0.450000 -0.900000
v 0.630000 0.540000 -0.900000
v 0.630000 -0.090000 -0.990000
v 0.630000 0.000000 -0.990000
v 0.630000 0.090000 -0.990000
v 0.630000 0.180000 -0.990000
v 0.630000 0.270000 -0.990000
v 0.630000 0.360000 -0.990000
v 0.630000 0.450000 -0.990000
v 0.630000 0.180000 -1.080000
v 0.630000 0.270000 -1.080000
v 0.000000 0.630000 -0.630000
v 0.000000 0.720000 -0.630000
v 0.000000 0.810000 -0.630000
v 0.000000 0.630000 -0.720000
v 0.000000 0.720000 -0.720000
v 0.000000 0.810000 -0.720000
v 0.000000 0.630000 -0.810000
v 0.000000 0.720000 -0.810000
v 0.000000 0.810000 -0.810000
v 0.000000 0.630000 -0.900000
v 0.000000 0.720000 -0.900000
v 0.000000 0.630000 -0.990000
v 0.000000 0.720000 -0.990000
v 0.000000 0.630000 -1.080000
v 0.000000 0.720000 -1.080000
v 0.000000 0.630000 -1.170000
v 0.090000 0.630000 -0.630000
v 0.090000 0.720000 -0.630000
v 0.090000 0.810000 -0.630000
v 0.090000 0.630000 -0.720000
v 0.090000 0.720000 -0.720000
v 0.090000 0.810000 -0.720000
v 0.090000 0.630000 -0.810000
v 0.090000 0.720000 -0.810000
v 0.090000 0.630000 -0.900000
v 0.090000 0.720000 -0.900000
v 0.090000 0.630000 -0.990000
v 0.090000 0.720000 -0.990000
v 0.090000 0.630000 -1.080000
v 0.090000 0.720000 -1.080000
v 0.090000 0.630000 -1.170000
v 0.180000 0.630000 -0.630000
v 0.180000 0.720000 -0.630000
v 0.180000 0.810000 -0.630000
v 0.180000 0.630000 -0.720000
v 0.180000 0.720000 -0.720000
v 0.180000 0.810000 -0.720000
v 0.180000 0.630000 -0.810000
v 0.180000 0.720000 -0.810000
v 0.180000 0.630000 -0.900000
v 0.180000 0.720000 -0.900000
v 0.180000 0.630000 -0.990000
v 0.180000 0.720000 -0.990000
v 0.180000 0.630000 -1.080000
v 0.270000 0.630000 -0.630000
v 0.270000 0.720000 -0.630000
v 0.270000 0.630000 -0.720000
v 0.270000 0.720000 -0.720000
v 0.270000 0.630000 -0.810000
v 0.270000 0.720000 -0.810000
v 0.270000 0.630000 -0.900000
v 0.270000 0.720000 -0.900000
v 0.270000 0.630000 -0.990000
v 0.270000 0.720000 -0.990000
v 0.270000 0.630000 -1.080000
v 0.360000 0.630000 -0.630000
v 0.360000 0.720000 -0.630000
v 0.360000 0.630000 -0.720000
v 0.360000 0.720000 -0.720000
v 0.360000 0.630000 -0.810000
v 0.360000 0.720000 -0.810000
v 0.360000 0.630000 -0.900000
v 0.360000 0.720000 -0.900000
v 0.360000 0.630000 -0.990000
v 0.360000 0.720000 -0.990000
v 0.450000 0.630000 -0.630000
v 0.450000 0.720000 -0.630000
v 0.450000 0.630000 -0.720000
v 0.450000 0.720000 -0.720000
v 0.450000 0.630000 -0.810000
v 0.450000 0.720000 -0.810000
v 0.450000 0.630000 -0.900000
v 0.450000 0.630000 -0.990000
v 0.540000 0.630000 -0.630000
v 0.540000 0.630000 -0.720000
v 0.540000 0.630000 -0.810000
v 0.540000 0.630000 -0.900000
v 0.000000 -0.090000 -1.350000
v 0.000000 0.000000 -1.350000
v 0.000000 0.090000 -1.350000
v 0.000000 0.180000 -1.350000
v 0.000000 0.270000 -1.350000
v 0.000000 0.360000 -1.350000
v 0.000000 0.450000 -1.350000
v 0.090000 0.000000 -1.350000
v 0.090000 0.090000 -1.350000
v 0.090000 0.180000 -1.350000
v 0.090000 0.270000 -1.350000
v 0.090000 0.360000 -1.350000
v 0.180000 0.360000 -1.350000
v 0.720000 0.000000 -0.630000
v 0.720000 0.090000 -0.630000
v 0.720000 0.180000 -0.630000
v 0.720000 0.270000 -0.630000
v 0.720000 0.360000 -0.630000
v 0.720000 0.450000 -0.630000
v 0.720000 0.000000 -0.720000
v 0.720000 0.090000 -0.720000
v 0.720000 0.180000 -0.720000
v 0.720000 0.270000 -0.720000
v 0.720000 0.360000 -0.720000
v 0.720000 0.450000 -0.720000
v 0.720000 -0.090000 -0.810000
v 0.720000 0.000000 -0.810000
v 0.720000 0.090000 -0.810000
v 0.720000 0.180000 -0.810000
v 0.720000 0.270000 -0.810000
v 0.720000 0.360000 -0.810000
v 0.720000 0.450000 -0.810000
v 0.720000 -0.090000 -0.900000
v 0.720000 0.000000 -0.900000
v 0.720000 0.090000 -0.900000
v 0.720000 0.180000 -0.900000
v 0.720000 0.270000 -0.900000
v 0.720000 0.360000 -0.900000
v 0.720000 0.450000 -0.900000
v 0.720000 0.000000 -0.990000
v 0.720000 0.090000 -0.990000
v 0.720000 0.180000 -0.990000
v 0.720000 0.270000 -0.990000
v 0.810000 0.180000 -0.810000
v 0.810000 0.270000 -0.810000
v 0.810000 -0.090000 -0.900000
v 0.810000 0.000000 -0.900000
v 0.810000 0.090000 -0.900000
v 0.810000 0.180000 -0.900000
v 0.810000 0.270000 -0.900000
v 0.810000 0.360000 -0.900000
v 0.900000 0.180000 -0.900000
v 0.900000 0.270000 -0.900000
v 0.900000 -0.090000 -0.990000
v 0.900000 0.000000 -0.990000
v 0.900000 0.090000 -0.990000
v 0.900000 0.180000 -0.990000
v 0.990000 0.270000 -0.900000
v 0.990000 -0.090000 -0.990000
v 0.990000 0.000000 -0.990000
v 0.990000 0.090000 -0.990000
v 0.990000 0.180000 -0.990000
v 0.990000 0.270000 -0.990000
v 1.080000 -0.090000 -0.990000
v 1.080000 0.090000 -0.990000
v 1.080000 0.270000 -0.990000
v 1.080000 -0.090000 -1.080000
v 1.080000 0.000000 -1.080000
v 1.080000 0.090000 -1.080000
v 1.080000 0.180000 -1.080000
v 1.080000 0.270000 -1.080000
v 1.170000 0.270000 -0.990000
v 1.170000 -0.090000 -1.080000
v 1.170000 0.000000 -1.080000
v 1.170000 0.090000 -1.080000
v 1.170000 0.180000 -1.080000
v 1.170000 0.270000 -1.080000
v 1.260000 0.000000 -1.080000
v 1.260000 0.090000 -1.080000
v 1.260000 0.180000 -1.080000
